0	0.3587509077705162	0.3267973856209147	0.2849673202614375	0.42183341505846184	0.475609791911496	0.6162945817569998	0.4561849431130488	0.5887194383926413	0.6923263132413444
1	0.3580246913580253	0.3241830065359474	0.2849673202614375	0.4196113469348401	0.46991394943486514	0.6142280037365726	0.4612684580004854	0.5922294843863475	0.6923263132413444
2	0.35657225853304353	0.32461873638344196	0.28453159041394294	0.42034097231714856	0.4721637205539966	0.6151561090422587	0.4622367465504733	0.5936819172113291	0.6923263132413443
3	0.3572984749455344	0.3237472766884528	0.28453159041394294	0.42058444566595565	0.4711896121335676	0.6148531720983416	0.46320503510046124	0.5945291696925685	0.6923263132413444	4	0.3572984749455344	0.3237472766884528	0.28474945533769025	0.4199575678152249	0.47011692854070164	0.6134394337228773	0.4630839990317127	0.5950133139675624	0.6922052771725958
5	0.3572984749455344	0.3237472766884528	0.284531590413943	0.4203843073171239	0.46994646568993587	0.6133507279341768	0.46368917937545506	0.5950133139675624	0.6922052771725958
6	0.3565722585330434	0.3237472766884528	0.284531590413943	0.4197163909851354	0.469853861171831	0.6132581234160719	0.46405228758170064	0.5950133139675624	0.6922052771725958
7	0.3565722585330434	0.3237472766884528	0.28409586056644837	0.4200937260941919	0.47027590120115564	0.613445710789273	0.4639312515129521	0.5950133139675624	0.6922052771725958
8	0.35511982570806166	0.3237472766884528	0.2838779956427011	0.4191580862417044	0.4704377040600864	0.6134453818644426	0.46393125151295206	0.5954974582425564	0.692205277172596
9	0.35584604212055254	0.3237472766884528	0.2838779956427011	0.4198260025736929	0.4705626904351202	0.6135713655604473	0.4638102154442036	0.5954974582425564	0.692205277172596
10	0.3558460421205525	0.3237472766884528	0.2838779956427011	0.41995986433394233	0.4706817821555461	0.6136959786576817	0.46417332365044917	0.5954974582425564	0.692205277172596
11	0.3558460421205525	0.32418300653594745	0.2838779956427011	0.41995986433394233	0.4710124371260811	0.6137873527732948	0.46381021544420364	0.5954974582425564	0.6923263132413444
12	0.35584604212055254	0.32418300653594745	0.2838779956427011	0.41953845604719453	0.4709540101802936	0.6136983742919274	0.46502057613168857	0.5954974582425564	0.6924473493100929
13	0.3565722585330434	0.32418300653594745	0.2838779956427011	0.4202245531580076	0.47118787009222546	0.6139139656057664	0.46526264826918556	0.5953764221738079	0.6924473493100914	14	0.3565722585330434	0.32418300653594745	0.2838779956427011	0.4203994533995148	0.4712349118954555	0.6139644978219768	0.46526264826918556	0.5953764221738079	0.692447349315	0.3515	0.3565722585330434	0.32418300653594745	0.28409586056644837	0.4190895131344046	0.47001483032464664	0.6131305584881701	0.46526264826918556	0.5953764221738079	0.692568316	0.3522116	0.3565722585330434	0.3237472766884528	0.28409586056644837	0.4189738321529798	0.46942070043971673	0.6128553667067398	0.46526264826918556	0.5959816025175503	0.6925617	0.352941117	0.3572984749455344	0.32331154684095825	0.28409586056644837	0.42055617286219754	0.4696692321062095	0.6135412527538742	0.46610990075042485	0.5958605664488019	018	0.354393609295518	0.3572984749455344	0.32331154684095825	0.2838779956427011	0.42055617286219754	0.4695289503964011	0.612771200180628	0.46610990075042485	0.59573953038005319	0.355119825708061719	0.3580246913580253	0.32287581699346374	0.2838779956427011	0.4210673697315034	0.4687774753502588	0.6127624490547744	0.4663519728879218	0.5961026385862920	0.3558460421205527	20	0.3580246913580253	0.32244008714596917	0.2838779956427011	0.4212012314917528	0.4685158212226273	0.6128751553157566	0.4659888646816764	0.5958605664488021	0.3558460421205527	21	0.3580246913580253	0.32244008714596917	0.2838779956427011	0.4212012314917528	0.4685080854144991	0.612837825238801	0.46659404502541885	0.59610263858622	0.35657225853304364	022	0.3580246913580253	0.32244008714596917	0.28366013071895385	0.42215136313508866	0.4693907083679416	0.6133295043063033	0.46671508109416737	0.596102638523	0.3572984749455345	0.3223	0.35729847494553435	0.32200435729847454	0.28366013071895385	0.42126283115672636	0.4687181036287745	0.6129507842084286	0.4674412975066583	0.596344724	0.3587509077705163	0.3246124	0.35729847494553435	0.32113289760348546	0.28366013071895385	0.4208360916548273	0.4674173993354895	0.6122488942609174	0.4674412975066583	0.59625	0.3587509077705163	0.3241830065359476	0.28191721132897557	0.42337094441227185	0.47330433055891885	0.6144566901160912	0.42653110626966945	0.5538610505930771	0.6930525296538355
26	0.35947712418300726	0.32461873638344213	0.28191721132897557	0.4238821412815777	0.47363489691305877	0.6144417650991142	0.4271362866134119	0.5542241587993226	0.693173565722584
27	0.35947712418300726	0.32461873638344213	0.28191721132897557	0.42401600304182707	0.4737687586733082	0.6146074078323529	0.4271362866134119	0.5542241587993226	0.6932946017913325
28	0.35947712418300726	0.32461873638344213	0.28191721132897557	0.42414986480207656	0.47392388947878633	0.614762538637831	0.42737835875090885	0.5548293391430651	0.693415637860081
29	0.35947712418300726	0.32461873638344213	0.28191721132897557	0.4243765498413175	0.47412333421794856	0.614977623173677	0.42762043088840584	0.5550714112805621	0.693415637860081
30	0.3609295570079891	0.3241830065359476	0.2821350762527228	0.42595117893049284	0.47456099658992645	0.615651745838849	0.4274993948196573	0.5564028080367954	0.693415637860081
31	0.36165577342048	0.3241830065359476	0.2821350762527228	0.42633384525470047	0.47436835110025033	0.6154586171661389	0.4281045751633997	0.5570079883805378	0.693415637860081
32	0.36165577342048	0.3241830065359476	0.2821350762527228	0.42633384525470047	0.4743683511002504	0.6154648630895636	0.4284676833696452	0.5572500605180348	0.693415637860081
33	0.36020334059549813	0.3241830065359476	0.2821350762527228	0.4245325311262841	0.4744513590896502	0.6156158317328333	0.4287097555071422	0.5572500605180348	0.693415637860081
34	0.36020334059549824	0.3237472766884531	0.2821350762527228	0.4249098662353405	0.47429227159198317	0.6159325774308485	0.4289518276446391	0.5578552408617772	0.693415637860081
35	0.3580246913580255	0.3237472766884531	0.2821350762527228	0.42264142841530977	0.47396029543863333	0.6155779400528896	0.42919389978213607	0.5578552408617772	0.693415637860081
36	0.3572984749455346	0.32331154684095853	0.2821350762527228	0.4221073738435706	0.4731064284599545	0.6154451772601288	0.4290728637133876	0.5585814572742681	0.693415637860081
37	0.3572984749455346	0.32331154684095853	0.28235294117647014	0.4211306955098255	0.47212975012620934	0.6148629873456015	0.4290728637133876	0.5594287097555076	0.693415637860081
38	0.35802469135802556	0.3237472766884531	0.28235294117647014	0.4207039560079264	0.4715074625706034	0.6139850228215706	0.4290728637133876	0.5599128540305016	0.693415637860081
39	0.3580246913580255	0.3241830065359476	0.28235294117647014	0.4210812911169829	0.47222069110873155	0.6143736464228243	0.43040426046962105	0.5602759622367471	0.693415637860081
40	0.35729847494553457	0.3237472766884531	0.28235294117647014	0.42050316336755234	0.47214964481231964	0.6145047237560303	0.4307673686758665	0.560518034374244	0.693415637860081
41	0.3565722585330437	0.3237472766884531	0.28235294117647014	0.41988867406047276	0.47233845786254147	0.6146812599225616	0.43113047688211203	0.5606390704429924	0.693415637860081
42	0.3580246913580255	0.3241830065359476	0.28235294117647014	0.42120164902201646	0.4729118738542444	0.6149077545103555	0.43185669329460297	0.5610021786492378	0.693415637860081
43	0.35729847494553457	0.32374727668845305	0.2821350762527228	0.4208753605329778	0.47315554783906755	0.6152103709250354	0.43209876543209996	0.5613652868554835	0.693415637860081
44	0.35729847494553457	0.32418300653594756	0.2821350762527228	0.4208753605329778	0.4734445753034225	0.6152395522497414	0.432582909707094	0.5619704671992259	0.693415637860081
45	0.3558460421205527	0.3246187363834421	0.2821350762527228	0.41983010909193286	0.47374132817885745	0.6152507189172381	0.4327039457758424	0.5622125393367228	0.693415637860081
46	0.3558460421205527	0.32418300653594756	0.2821350762527228	0.41898729251843714	0.47248480332500975	0.6146489757379691	0.4339143064633273	0.5631808278867109	0.6936577099975779
47	0.3543936092955709	0.32418300653594756	0.2821350762527228	0.4184760956491313	0.4727710492304404	0.6148457553156053	0.4348825950133152	0.5635439360929563	0.6936577099975779
48	0.3558460421205527	0.32418300653594756	0.2821350762527228	0.41869810376476363	0.4721427437770229	0.6142408359470649	0.4356088114258061	0.5642701525054472	0.6936577099975779
49	0.3543936092955709	0.32374727668845305	0.28191721132897557	0.4184303802442648	0.47246774278489867	0.6147562246170698	0.43621399176954856	0.5647542967804411	0.6936577099975779
50	0.3551198257080619	0.32418300653594756	0.28191721132897557	0.41981192831310843	0.4742965915393571	0.615809022854953	0.436577099975794	0.5658436213991775	0.6936577099975779
51	0.35584604212055276	0.32418300653594756	0.2816993464052283	0.41988115571195056	0.4740289205461925	0.615510416761218	0.43730331638828507	0.5664488017429201	0.6936577099975779
52	0.3572984749455345	0.32418300653594756	0.2816993464052283	0.42149756146009987	0.4744722125895586	0.6159377593173874	0.4379084967320274	0.5666908738804171	0.6936577099975779
53	0.3580246913580254	0.32418300653594756	0.2816993464052283	0.42271771314265205	0.4751402858975548	0.6165971916738099	0.43911885741951234	0.567175018155411	0.6937787460663264
54	0.3580246913580254	0.3246187363834421	0.2816993464052283	0.42256632489512047	0.4758531391122914	0.6165839552196479	0.43911885741951234	0.5679012345679019	0.6937787460663264
55	0.3580246913580254	0.32505446623093665	0.2816993464052283	0.4222757436721884	0.4762948945524226	0.616306422750594	0.4396030016945062	0.5686274509803928	0.6937787460663264
56	0.3594771241830072	0.32461873638344213	0.2816993464052283	0.4234548568734828	0.47606285903561135	0.6164642424504579	0.4393609295570093	0.5687484870491414	0.6937787460663264
57	0.3580246913580254	0.32418300653594756	0.2816993464052283	0.42123443097703606	0.4754477381979444	0.6160178448049051	0.43960300169450633	0.5699588477366261	0.6937787460663264
58	0.3580246913580254	0.3246187363834421	0.281481481481481	0.4212556464522943	0.475972983748305	0.6157854764881254	0.4393609295570094	0.5705640280803687	0.6938997821350749
59	0.3580246913580254	0.3246187363834421	0.281481481481481	0.4220772475505318	0.47614854497533904	0.6159515381948577	0.4406923263132427	0.5705640280803687	0.6938997821350749
60	0.3565722585330436	0.3250544662309366	0.281481481481481	0.4217850241004245	0.4768798922247238	0.6162691379036834	0.4415395787944821	0.5715323166303565	0.6938997821350749
61	0.3565722585330436	0.32592592592592573	0.281481481481481	0.42182606258168237	0.47791735562903565	0.6163610622000952	0.44202372306947607	0.5725006051803444	0.6938997821350749
62	0.35802469135802534	0.32636165577342025	0.28126361655773374	0.42313436061961734	0.47901067957162186	0.6163772761808174	0.4423868312757215	0.5726216412490928	0.6938997821350749
63	0.3580246913580253	0.32636165577342025	0.281481481481481	0.4238022769516059	0.47919331267509274	0.6167628009254682	0.4426289034132184	0.5729847494553382	0.6938997821350749
64	0.35875090777051616	0.32679738562091487	0.281481481481481	0.4249632093740757	0.48008352611680255	0.617294025383677	0.4428709755507154	0.5734688937303322	0.6938997821350749
65	0.35729847494553435	0.3263616557734203	0.281481481481481	0.42233561722381313	0.47878078111628186	0.6162838810278592	0.44347615589445777	0.5737109658678291	0.6938997821350749
66	0.35729847494553435	0.3259259259259258	0.281481481481481	0.4219165054557828	0.4780162672129475	0.6158367267592961	0.4438392641007032	0.5738320019365776	0.6940208182038233
67	0.3565722585330434	0.3254901960784312	0.281481481481481	0.4215566968340085	0.47784230052696763	0.6159773042199634	0.4442023723069487	0.5738320019365776	0.6940208182038233
68	0.3558460421205525	0.3250544662309366	0.281481481481481	0.42142283507375905	0.47754701615872297	0.6161288251090014	0.4454127329944336	0.5738320019365776	0.6940208182038233
69	0.3565722585330434	0.3250544662309366	0.281481481481481	0.42251215969249545	0.4776980476226153	0.6162537655978731	0.44589687726942756	0.574195110142823	0.6940208182038233
70	0.3565722585330434	0.3254901960784312	0.281481481481481	0.42213482458343893	0.47782556694707384	0.6158902545829451	0.44553376906318204	0.5744371822803199	0.6940208182038233
71	0.35584604212055243	0.3259259259259257	0.281481481481481	0.42213482458343893	0.4787149543352324	0.6162060428068404	0.44613894940692456	0.5754054708303078	0.6940208182038233
72	0.35657225853304336	0.32505446623093653	0.281481481481481	0.42226868634368836	0.47749628066187355	0.6160081938044897	0.4462599854756731	0.5768579036552896	0.6940208182038233
73	0.35729847494553435	0.3241830065359474	0.281481481481481	0.4229366026756769	0.47667339735330555	0.6158707177312194	0.4468651658194155	0.5774630839990318	0.6940208182038233
74	0.3580246913580253	0.32418300653594745	0.281481481481481	0.4237241387349829	0.4764579430696038	0.616221330366741	0.44722827402566084	0.5781893004115228	0.6940208182038233
75	0.3580246913580253	0.3241830065359474	0.281481481481481	0.4243022664844135	0.4763649817187047	0.6162293475610852	0.4478334543694033	0.5789155168240138	0.6940208182038233
76	0.3580246913580253	0.3241830065359474	0.281481481481481	0.4244361282446629	0.4764986625534177	0.616333812900028	0.4480755265069003	0.5789155168240138	0.6940208182038233
77	0.35875090777051616	0.3250544662309365	0.281481481481481	0.42575139972492415	0.47814967192100855	0.6173176836304141	0.44892277898813976	0.5790365528927622	0.6940208182038233
78	0.35729847494553435	0.3241830065359474	0.281481481481481	0.42470614828387926	0.47743182109064175	0.6172391589742224	0.44868070685064276	0.5796417332365047	0.6940208182038233
79	0.35729847494553435	0.32374727668845277	0.281481481481481	0.4249220870066442	0.4771534950453033	0.6174366661245664	0.44843863471314577	0.5800048414427502	0.6940208182038233
80	0.35729847494553435	0.32374727668845277	0.281481481481481	0.42547506053492407	0.4777488822830329	0.6179903303023282	0.4488017429193912	0.5802469135802473	0.6940208182038233
81	0.35729847494553435	0.3241830065359473	0.281481481481481	0.4253411987746746	0.47814421441036986	0.6178341974141982	0.4489227789881397	0.5804889857177442	0.6940208182038233
82	0.35729847494553435	0.3246187363834419	0.281481481481481	0.4255671456361996	0.47953766140812204	0.6185335076868269	0.44977003146937916	0.5814572742677321	0.6940208182038233
83	0.35729847494553435	0.3246187363834419	0.281481481481481	0.42606016172668076	0.47986788994084334	0.618813902115464	0.4500121036068761	0.5814572742677321	0.6940208182038233
84	0.35729847494553435	0.3246187363834419	0.281481481481481	0.4264374968357372	0.4802900301783598	0.6193018640437493	0.4500121036068761	0.5814572742677321	0.6940208182038233
85	0.35657225853304336	0.3246187363834419	0.281481481481481	0.42512222535547595	0.47938269785751075	0.6183945317229003	0.45037521181312157	0.5813362381989836	0.6940208182038233
86	0.35729847494553435	0.3250544662309364	0.281481481481481	0.42522954042531597	0.4792427083114548	0.6178666784820133	0.4502541757443731	0.5813362381989836	0.6940208182038233
87	0.35729847494553435	0.3250544662309364	0.281481481481481	0.4248522053162596	0.4788653732023984	0.6174654741050457	0.4502541757443731	0.5820624546114747	0.6940208182038233
88	0.35729847494553424	0.3250544662309364	0.281481481481481	0.4242435082443535	0.4783781117842028	0.6169782126868499	0.4508593560881155	0.582909707092714	0.6940208182038233
89	0.3580246913580252	0.3246187363834419	0.281481481481481	0.42586155621967775	0.4785841439899197	0.6175692870020472	0.45182764463810343	0.5830307431614624	0.6940208182038233
90	0.3594771241830071	0.3250544662309364	0.281481481481481	0.42650661484923297	0.47871250830146544	0.6173883019434712	0.4530380053255883	0.5832728152989594	0.6940208182038233
91	0.3609295570079889	0.3250544662309364	0.281481481481481	0.4273951468275953	0.4787826676939936	0.6174712769342816	0.4531590413943369	0.5833938513677078	0.6940208182038233
92	0.3609295570079889	0.3250544662309364	0.281481481481481	0.4277724819366517	0.4790965623808157	0.6178043006096416	0.4531590413943369	0.5833938513677078	0.6940208182038233
93	0.3609295570079889	0.325490196078431	0.281481481481481	0.42805773194443264	0.47962285710221136	0.6180481072928299	0.45328007746308535	0.5844831759864442	0.6940208182038233
94	0.360203340595498	0.325490196078431	0.281481481481481	0.42699429972456304	0.4791043708976324	0.6175658343970561	0.4531590413943369	0.5848462841926897	0.6941418542725719
95	0.3609295570079889	0.325490196078431	0.281481481481481	0.42837584779340665	0.4799625055372324	0.6183973584043381	0.45388525780682776	0.5852093923989352	0.6941418542725719
96	0.3609295570079889	0.3259259259259256	0.281481481481481	0.42837584779340665	0.4804792761532876	0.6184185187622122	0.4547325102880672	0.5852093923989352	0.6941418542725719
97	0.3609295570079889	0.3259259259259256	0.281481481481481	0.42837584779340665	0.4803252583741108	0.6182645009830354	0.4547325102880672	0.5855725006051806	0.6941418542725719
98	0.3616557734204798	0.32636165577342013	0.2816993464052283	0.4290619449042197	0.48083723231998937	0.6185370657208179	0.4547325102880672	0.5856935366739292	0.6941418542725719
99	0.36238198983297076	0.32679738562091465	0.2816993464052283	0.42928789176574467	0.4814089534276688	0.6183255589555688	0.4547325102880672	0.5858145727426777	0.6941418542725719
100	0.3616557734204798	0.32636165577342013	0.2816993464052283	0.4283324289072577	0.48058134900745897	0.6182563314828596	0.4552166545630611	0.5860566448801745	0.6941418542725719
101	0.3616557734204798	0.32679738562091465	0.28191721132897557	0.4283324289072577	0.48086719884953383	0.6182845490333914	0.4552166545630611	0.58641975308642	0.6941418542725719
102	0.3616557734204798	0.32723311546840916	0.2821350762527228	0.42766221605655164	0.48034186526433525	0.6176107820066814	0.4553376906318096	0.5872670055676594	0.6941418542725719
103	0.3609295570079889	0.3276688453159038	0.28235294117647014	0.4271510191872458	0.4803968628956136	0.6175513645174618	0.4557007988380551	0.587145969498911	0.6941418542725719
104	0.3609295570079889	0.32679738562091465	0.28235294117647014	0.4269761189457386	0.47944675653724184	0.6172294676970626	0.45666908738804296	0.5879932219801504	0.6941418542725719
105	0.36020334059549797	0.32679738562091465	0.28235294117647014	0.426286987138492	0.4795267594687157	0.6173094706285365	0.45763737593803083	0.5882352941176473	0.6941418542725719
106	0.36020334059549797	0.32636165577342013	0.28235294117647014	0.426286987138492	0.4790099888526606	0.6172807663223844	0.4584846284192701	0.5885984023238927	0.6941418542725719
107	0.35947712418300704	0.325490196078431	0.28235294117647014	0.42577579026918616	0.4777672776501046	0.6171098907197147	0.45896877269426417	0.5888404744613898	0.6941418542725719
108	0.35947712418300704	0.325490196078431	0.2821350762527229	0.42577579026918616	0.4772086747242442	0.6170035336334249	0.4593318809005097	0.5892035826676353	0.6942628903413204
109	0.3587509077705161	0.325490196078431	0.2821350762527229	0.4252645933998803	0.4773703558396992	0.6169798494755512	0.4594529169692581	0.5898087630113776	0.6942628903413204
110	0.35802469135802517	0.3250544662309365	0.2821350762527229	0.42475339653057453	0.4768650748916932	0.6168517740809095	0.4599370612442521	0.5899297990801261	0.6942628903413204
111	0.35875090777051616	0.3250544662309365	0.2821350762527229	0.4251906890774294	0.47681267716153075	0.6168797660958545	0.46066327765674303	0.5902929072863716	0.6942628903413204
112	0.3580246913580252	0.32461873638344196	0.2821350762527229	0.42438891098519144	0.4760471409866129	0.6165666770317417	0.4605422415879945	0.5905349794238686	0.6942628903413204
113	0.3580246913580252	0.3241830065359473	0.2821350762527229	0.424011575876135	0.47524191706148144	0.6161256371043581	0.46090534979424	0.590656015492617	0.6942628903413204
114	0.35875090777051616	0.32374727668845277	0.2821350762527229	0.42452277274544087	0.47486524317896817	0.6161192848239612	0.46163156620673096	0.5907770515613656	0.6942628903413204
115	0.35875090777051616	0.3233115468409582	0.2821350762527229	0.42452277274544087	0.4744442859133413	0.6161741607540165	0.46175260227547943	0.5910191236988624	0.6942628903413204
116	0.35947712418300704	0.3233115468409582	0.2821350762527229	0.42422989500379127	0.4737315528297395	0.6154386546717313	0.46235778261922184	0.591624304042605	0.6942628903413204
117	0.35947712418300704	0.32287581699346357	0.2821350762527229	0.4247821303543549	0.47377611431761246	0.6158322030136477	0.4628419268942158	0.5919874122488504	0.6942628903413204
118	0.35947712418300704	0.32287581699346357	0.2821350762527229	0.4247821303543549	0.47381338647021226	0.6158799032766357	0.4628419268942158	0.591866376180102	0.6942628903413204
119	0.35875090777051616	0.32244008714596906	0.2821350762527229	0.42362119793188513	0.47274826739817083	0.6152906174002765	0.4632050351004613	0.5924715565238443	0.6942628903413204
120	0.35802469135802517	0.32200435729847454	0.2821350762527229	0.42311000106257923	0.47227559944739417	0.6151030312686705	0.46381021544420376	0.5929557007988383	0.6942628903413204
121	0.35802469135802517	0.32200435729847454	0.2821350762527229	0.42268326156068026	0.47178541952326086	0.6145894652596602	0.46356814330670676	0.5930767368675868	0.6943839264100689
122	0.35802469135802517	0.32200435729847454	0.2821350762527229	0.42331013941141094	0.4723449863975799	0.615149032133979	0.46356814330670676	0.5934398450738323	0.6943839264100689
123	0.35802469135802517	0.32156862745098	0.2821350762527229	0.42302488940363	0.471121443234955	0.6146897594485463	0.46368917937545523	0.5939239893488263	0.6943839264100689
124	0.35802469135802517	0.32156862745098	0.2821350762527229	0.4230248894036299	0.4709255997765875	0.6144939159901789	0.46356814330670676	0.5938029532800777	0.6943839264100689
125	0.35802469135802517	0.32156862745098	0.2821350762527229	0.4230248894036299	0.4708512113149315	0.6144342856605993	0.46356814330670676	0.5939239893488262	0.6943839264100689
126	0.3587509077705161	0.32156862745098	0.2821350762527229	0.423621197931885	0.47037349850512505	0.6138972223417717	0.46368917937545523	0.5942870975550717	0.6943839264100689
127	0.35947712418300704	0.32156862745098	0.2821350762527229	0.42413239480119086	0.47047726330400985	0.6140009871406565	0.4640522875817007	0.5942870975550717	0.6943839264100689
128	0.35947712418300704	0.32113289760348546	0.2821350762527229	0.4248954309308885	0.47066375081710093	0.6146399217645527	0.4644153957879463	0.5948922778988139	0.6943839264100689
129	0.36092955700798884	0.32113289760348546	0.2821350762527229	0.42685576104070505	0.4717196065291551	0.6156810193445303	0.4645364318566948	0.595134350036311	0.6943839264100689
130	0.3616557734204798	0.32156862745098	0.2821350762527229	0.4263270376841171	0.47126343290931716	0.6148606617269449	0.4647785039941918	0.595134350036311	0.6943839264100689
131	0.3616557734204798	0.32113289760348546	0.2821350762527229	0.4263270376841171	0.4707839344458618	0.6148180879790843	0.4650205761316887	0.595134350036311	0.6943839264100689
132	0.3616557734204798	0.32069716775599094	0.2821350762527229	0.4263270376841171	0.4703884185579809	0.6147552007421996	0.4646574679254432	0.5953764221738079	0.6943839264100689
133	0.3616557734204798	0.3202614379084964	0.2821350762527229	0.4263270376841171	0.4698716479419258	0.6147142633218267	0.4652626482691856	0.5953764221738079	0.6943839264100689
134	0.3616557734204798	0.320697167755991	0.2821350762527229	0.4263270376841171	0.47048389513932914	0.6148242293043407	0.4653836843379341	0.5959816025175502	0.6943839264100689
135	0.3616557734204798	0.3202614379084965	0.2821350762527229	0.42650193792562435	0.4698159788073406	0.6148934343896951	0.46586782861292797	0.5964657467925442	0.6943839264100689
136	0.3616557734204798	0.3202614379084965	0.2821350762527229	0.42612460281656794	0.4694386436982842	0.614502401064854	0.46586782861292797	0.5967078189300412	0.6943839264100689
137	0.36092955700798884	0.31982570806100197	0.2821350762527229	0.4256134059472621	0.4685446032624919	0.6143454820464047	0.4659888646816764	0.5967078189300412	0.6943839264100689
138	0.3602033405954979	0.31938997821350745	0.2821350762527229	0.42465958531595016	0.4677763174895379	0.6139047444561685	0.46598886468167644	0.5967078189300412	0.6943839264100689
139	0.3602033405954979	0.3189542483660129	0.2821350762527229	0.42479344707619954	0.46754404416463574	0.6139754257707234	0.46598886468167644	0.5968288549987897	0.694383926410069
140	0.36092955700798884	0.3189542483660129	0.2821350762527229	0.42472651619607493	0.4675109320415927	0.6139854655012945	0.4658678286129279	0.5968288549987897	0.694383926410069
141	0.36020334059549797	0.3185185185185183	0.2821350762527229	0.42383798421771257	0.4668775838123308	0.6136153227245369	0.4664730089566704	0.5970709271362866	0.694383926410069
142	0.36020334059549797	0.3185185185185183	0.2821350762527229	0.42383798421771257	0.4668775838123308	0.6136153227245369	0.4664730089566704	0.5970709271362866	0.694383926410069
143	0.36020334059549797	0.3185185185185183	0.2821350762527229	0.42383798421771257	0.4668651605407996	0.6135994090400253	0.46659404502541885	0.5970709271362866	0.694383926410069
144	0.35947712418300704	0.3185185185185183	0.2821350762527229	0.4227486595989762	0.46716142976252206	0.6134532561018969	0.4669571532316643	0.5977971435487776	0.694383926410069
145	0.3587509077705161	0.3185185185185183	0.2821350762527229	0.4219111742406316	0.4667468011021306	0.6130386274415056	0.4667150810941673	0.597676107480029	0.694383926410069
146	0.3587509077705161	0.3185185185185183	0.2821350762527229	0.42208607448213886	0.4665508502577371	0.6131428939180051	0.46707818930041284	0.5982812878237714	0.694383926410069
147	0.35802469135802517	0.3185185185185183	0.2821350762527229	0.421574877612833	0.46647997440477235	0.6130720180650404	0.46719922536916125	0.5985233599612685	0.694383926410069
148	0.35802469135802517	0.3185185185185183	0.2821350762527229	0.421574877612833	0.46644270225217255	0.6130736750116729	0.46719922536916125	0.5987654320987654	0.694383926410069
149	0.35802469135802517	0.3189542483660128	0.2821350762527229	0.4209967498634024	0.4666483964833197	0.6130161637903158	0.46792544178165213	0.5985233599612685	0.694383926410069
150	0.35875090777051605	0.3189542483660128	0.2821350762527229	0.42208607448213886	0.466831809804141	0.6130952813232048	0.46828854998789754	0.5990075042362623	0.694383926410069
151	0.35802469135802506	0.3189542483660128	0.2821350762527229	0.420862888103153	0.46654691657999925	0.6128103880990631	0.46865165819414295	0.5990075042362623	0.694383926410069
152	0.35802469135802506	0.3189542483660128	0.2821350762527229	0.420862888103153	0.4665350003974591	0.6127984719165229	0.46901476640038847	0.5990075042362623	0.694383926410069
153	0.35802469135802506	0.3189542483660128	0.2821350762527229	0.4212402232122094	0.46688127694121023	0.6131603913145331	0.46901476640038847	0.5990075042362623	0.694383926410069
154	0.35802469135802506	0.3189542483660128	0.28235294117647014	0.42104246526826894	0.46668351899726973	0.6131876861886403	0.46937787460663394	0.5993706124425078	0.694383926410069
155	0.35802469135802506	0.31808278867102374	0.28235294117647014	0.42141980037732535	0.46533794880673485	0.6133790198875515	0.46937787460663394	0.6002178649237472	0.694383926410069
156	0.35802469135802506	0.31764705882352917	0.28235294117647014	0.4211763270285184	0.46484838969745645	0.613253644776021	0.46949891067538246	0.6008230452674895	0.694383926410069
157	0.3572984749455342	0.31721132897603466	0.28235294117647014	0.42037454893628046	0.46381622315466253	0.6129947536589038	0.469377874606634	0.6007020091987411	0.694383926410069
158	0.3572984749455342	0.31764705882352917	0.28235294117647014	0.42050841069652994	0.46421342890903516	0.613124461980091	0.469377874606634	0.6005809731299927	0.694383926410069
159	0.35875090777051605	0.31764705882352917	0.28235294117647014	0.4216464854165665	0.4644603580233226	0.6133556665054913	0.4697409828128794	0.6013071895424836	0.694383926410069
160	0.35875090777051605	0.3180827886710238	0.28235294117647014	0.4214715851750593	0.46467301775573927	0.6132653715984511	0.4697409828128794	0.6017913338174776	0.694383926410069
161	0.35875090777051605	0.31764705882352917	0.28235294117647014	0.42175683518284024	0.46462924898742475	0.6135143745860031	0.4697409828128794	0.6020334059549747	0.694383926410069
162	0.35875090777051605	0.31764705882352917	0.28235294117647014	0.42175683518284024	0.46469234371184415	0.6135774693104226	0.47010409101912487	0.6022754780924715	0.694383926410069
163	0.35875090777051605	0.31721132897603466	0.2821350762527228	0.42175683518284024	0.4638495271383484	0.6134320535003918	0.4702251270878734	0.6022754780924715	0.694383926410069
164	0.35875090777051605	0.31721132897603466	0.2821350762527228	0.42189069694308967	0.463871272793726	0.6134660760394599	0.4702251270878734	0.6022754780924715	0.694383926410069
165	0.35875090777051605	0.31721132897603466	0.2821350762527228	0.42189069694308967	0.4639160779221861	0.61351088116792	0.4705882352941188	0.6022754780924715	0.694383926410069
166	0.359477124183007	0.31677559912854014	0.2821350762527228	0.42173168096168945	0.46297271017317265	0.6133153548259792	0.4708303074316158	0.6019123698862261	0.694383926410069
167	0.359477124183007	0.31721132897603466	0.2821350762527228	0.4218655427219389	0.4635020878213029	0.6134773449471755	0.4705882352941188	0.602154442023723	0.694383926410069
168	0.35875090777051605	0.31677559912854014	0.2821350762527228	0.4213543458526331	0.4625883953948424	0.6132354440242717	0.47070927136286733	0.6026385862987168	0.694383926410069
169	0.35875090777051605	0.31677559912854014	0.28235294117647014	0.42122048409238355	0.4623020902526216	0.6131432440525204	0.47070927136286733	0.6026385862987168	0.694383926410069
170	0.35875090777051605	0.31677559912854014	0.28235294117647014	0.42072746800190236	0.46180154118628003	0.6126304181024883	0.47070927136286733	0.6026385862987168	0.694383926410069
171	0.35875090777051605	0.31677559912854014	0.28235294117647014	0.4212462926050768	0.46232036578945457	0.6131492427056627	0.4705882352941188	0.6026385862987168	0.694383926410069
172	0.35875090777051605	0.31677559912854014	0.28235294117647014	0.421421192846584	0.46245046090250164	0.6132598835786661	0.47107237956911274	0.6026385862987168	0.694383926410069
173	0.3587509077705161	0.31677559912854014	0.28235294117647014	0.4205965570519128	0.4617859690431648	0.6125953917193294	0.4717985959816037	0.6026385862987168	0.694383926410069
174	0.3587509077705161	0.3163398692810455	0.2825708061002174	0.42108957314239415	0.46191758450062176	0.6130408231286327	0.4717985959816037	0.6027596223674654	0.694383926410069
175	0.3587509077705161	0.3163398692810455	0.2825708061002174	0.42108957314239415	0.46191758450062176	0.6130408231286327	0.4717985959816037	0.6027596223674654	0.694383926410069
176	0.3587509077705161	0.3163398692810455	0.2825708061002174	0.42071223803333774	0.46160368981379957	0.6127269284418106	0.4721617041878491	0.6027596223674654	0.694383926410069
177	0.3587509077705161	0.3163398692810455	0.2825708061002174	0.42071223803333774	0.46160368981379957	0.6127269284418106	0.4721617041878491	0.6026385862987168	0.694383926410069
178	0.3587509077705161	0.3163398692810455	0.2825708061002174	0.42071223803333774	0.46160368981379957	0.6127269284418106	0.4721617041878491	0.6025175502299683	0.694383926410069
179	0.3587509077705161	0.3163398692810455	0.2825708061002174	0.42071223803333774	0.46153419164781456	0.6126470021654374	0.47228274025659756	0.6025175502299683	0.694383926410069
180	0.3587509077705161	0.3163398692810455	0.2825708061002174	0.42071223803333774	0.46153419164781456	0.6126470021654374	0.472403776325346	0.6025175502299683	0.694383926410069
181	0.3587509077705161	0.3163398692810455	0.2825708061002174	0.42071223803333774	0.4615789967762747	0.6126918072938975	0.472403776325346	0.6025175502299683	0.694383926410069
182	0.3587509077705161	0.3163398692810455	0.2825708061002174	0.42084609979358717	0.46169524298424336	0.6128080535018661	0.472403776325346	0.6028806584362139	0.694383926410069
183	0.3587509077705161	0.3163398692810455	0.2825708061002174	0.42071223803333774	0.461561381223994	0.6126741917416166	0.47276688453159155	0.6028806584362139	0.694383926410069
184	0.3587509077705161	0.3163398692810455	0.2825708061002174	0.42084609979358717	0.46171754226475187	0.6128451109144509	0.4725248123940946	0.6027596223674654	0.694383926410069
185	0.3587509077705161	0.3163398692810455	0.2825708061002174	0.42067119955207993	0.4615426420232447	0.6126519420748509	0.4725248123940946	0.6027596223674654	0.694383926410069
186	0.3587509077705161	0.3163398692810455	0.2825708061002174	0.42067119955207993	0.4615426420232447	0.6125631788715343	0.4725248123940946	0.6027596223674654	0.694383926410069
187	0.3587509077705161	0.3163398692810455	0.2825708061002174	0.42067119955207993	0.4615102601663158	0.6125493673477561	0.47276688453159155	0.6027596223674654	0.694383926410069
188	0.3587509077705161	0.3163398692810455	0.2825708061002174	0.4214752741630353	0.46231433477727124	0.6133534419587116	0.4732510288065854	0.6027596223674654	0.694383926410069
189	0.3587509077705161	0.31590413943355095	0.2825708061002174	0.4214752741630353	0.4620466773276674	0.6134243766624431	0.4732510288065854	0.6027596223674654	0.694383926410069
190	0.3587509077705161	0.31590413943355095	0.2825708061002174	0.4213185547003527	0.4619680245192592	0.613329999265148	0.4734931009440824	0.6027596223674654	0.694383926410069
191	0.3587509077705161	0.31546840958605643	0.2825708061002174	0.42118469294010324	0.46099134618551413	0.613129371447978	0.4734931009440824	0.6032437666424594	0.694383926410069
192	0.35802469135802517	0.3145969498910673	0.2825708061002174	0.4206734960707974	0.460094332931067	0.6130241675842868	0.47373517308157936	0.6036068748487048	0.694383926410069
193	0.3587509077705161	0.3145969498910673	0.2825708061002174	0.42118469294010324	0.46015329260149174	0.6130831272547116	0.47361413701283095	0.6036068748487048	0.694383926410069
194	0.3587509077705161	0.3145969498910673	0.2825708061002174	0.42105083117985387	0.4600194308412423	0.612949265494462	0.47409828128782483	0.6036068748487048	0.694383926410069
195	0.3587509077705161	0.3145969498910673	0.2827886710239647	0.4211665121612788	0.46013511182266725	0.6132234435504964	0.47409828128782483	0.6036068748487048	0.694383926410069
196	0.3572984749455342	0.3145969498910673	0.2827886710239647	0.41998739895998444	0.46001592949106657	0.6131007708059154	0.47458242556281877	0.6038489469862018	0.694383926410069
197	0.3572984749455342	0.3145969498910673	0.2827886710239647	0.41998739895998444	0.46001592949106657	0.6131007708059154	0.47458242556281877	0.6038489469862018	0.694383926410069
198	0.3572984749455342	0.3145969498910673	0.2827886710239647	0.41998739895998444	0.46006073461952673	0.6131544171310891	0.47458242556281877	0.6038489469862018	0.694383926410069
199	0.3572984749455342	0.3145969498910673	0.2827886710239647	0.41998739895998444	0.46006073461952673	0.6131544171310891	0.47482449770031576	0.6036068748487048	0.694383926410069
200	0.3572984749455342	0.3145969498910673	0.28257080610021745	0.41998739895998444	0.46022810727399815	0.613137900915015	0.47494553376906423	0.6036068748487048	0.694383926410069
201	0.35802469135802517	0.3145969498910673	0.28257080610021745	0.4208577501595222	0.4606462212746547	0.6135560149156717	0.47506656983781276	0.6036068748487048	0.694383926410069
202	0.35729847494553424	0.3145969498910673	0.28257080610021745	0.42014576064984227	0.46082644111869775	0.6136669094549296	0.47542967804405817	0.6043330912611956	0.6945049624788174
203	0.3565722585330433	0.3141612200435728	0.28257080610021745	0.41945966353902925	0.45975750044139835	0.6133795406710139	0.4757927862503037	0.6042120551924471	0.6945049624788174
204	0.3565722585330433	0.3141612200435728	0.28257080610021745	0.41945966353902925	0.45975750044139835	0.6133795406710139	0.4757927862503037	0.6042120551924471	0.6945049624788174
205	0.3565722585330433	0.3141612200435728	0.28257080610021745	0.4189666474485479	0.459264484350917	0.6128865245805326	0.47567175018155516	0.6042120551924471	0.6945049624788174
206	0.3565722585330433	0.3141612200435728	0.28257080610021745	0.41951888279911154	0.45975327927924636	0.6133753195088619	0.47567175018155516	0.6042120551924471	0.6945049624788174
207	0.3565722585330433	0.3141612200435728	0.28257080610021745	0.41951888279911154	0.45975327927924636	0.6133753195088619	0.47567175018155516	0.6042120551924471	0.6945049624788174
208	0.3565722585330433	0.3145969498910673	0.28257080610021745	0.41951888279911154	0.4601487951671273	0.6134066513989952	0.4765190026627946	0.6045751633986927	0.6945049624788174
209	0.3558460421205524	0.3145969498910673	0.28257080610021745	0.41885096646712305	0.4600561906490224	0.6133140468808903	0.4763979665940461	0.6045751633986927	0.6945049624788174
210	0.3558460421205524	0.3145969498910673	0.28257080610021745	0.41885096646712305	0.4600561906490224	0.6133140468808903	0.47615589445654916	0.6045751633986927	0.6945049624788174
211	0.35511982570806144	0.3145969498910673	0.28257080610021745	0.4183397695978172	0.45999723097859774	0.6132550872104656	0.4763979665940461	0.6043330912611957	0.6945049624788174
212	0.35511982570806144	0.3145969498910673	0.28257080610021745	0.4183397695978172	0.46003450313119754	0.6133421934671496	0.4763979665940461	0.6043330912611957	0.6945049624788174
213	0.35511982570806144	0.3141612200435728	0.28257080610021745	0.4183397695978172	0.4597640255529306	0.6133746705283397	0.4763979665940461	0.6048172355361897	0.6945049624788174
214	0.35439360929557057	0.3141612200435728	0.28257080610021745	0.4178285727285113	0.4597050658825059	0.6133157108579151	0.4766400387315431	0.6048172355361897	0.6945049624788174
215	0.35439360929557057	0.3141612200435728	0.28257080610021745	0.4178285727285113	0.4597050658825059	0.6132918415900039	0.4766400387315431	0.6048172355361897	0.6945049624788174
216	0.35366739288307963	0.3141612200435728	0.28257080610021745	0.41716065639652283	0.45961246136440104	0.61321613881687	0.4763979665940462	0.6048172355361897	0.6946259985475659
217	0.35366739288307963	0.3141612200435728	0.28257080610021745	0.41729451815677227	0.45974632312465047	0.6133001664730351	0.47627693052529774	0.6049382716049382	0.6946259985475659
218	0.35366739288307963	0.3141612200435728	0.28257080610021745	0.4175797681645532	0.4600315731324315	0.613567147882723	0.47627693052529774	0.6049382716049382	0.6946259985475659
219	0.3543936092955705	0.3145969498910673	0.28257080610021745	0.4180909650338591	0.46035692345629203	0.6135895435671267	0.47615589445654927	0.6048172355361897	0.6946259985475659
220	0.3551198257080614	0.3145969498910673	0.28257080610021745	0.41955762476165187	0.4607930883018226	0.6139794114754876	0.47615589445654927	0.6048172355361897	0.6946259985475659
221	0.3551198257080614	0.3145969498910673	0.28257080610021745	0.41955762476165187	0.4607345471039941	0.6139208702776591	0.47591382231905227	0.6048172355361897	0.6946259985475659
222	0.3551198257080614	0.3145969498910673	0.28257080610021745	0.41984287476943283	0.46101979711177504	0.6142221037494826	0.47579278625030375	0.6046961994674411	0.6946259985475659
223	0.3543936092955705	0.3145969498910673	0.28257080610021745	0.419331677900127	0.4609685732494785	0.6141708798871861	0.4762769305252977	0.6046961994674411	0.6946259985475659
224	0.3551198257080614	0.3150326797385619	0.28257080610021745	0.4199995942321155	0.4613470276096582	0.6142861287948613	0.4762769305252977	0.6050593076736867	0.6946259985475659
225	0.3551198257080614	0.3150326797385619	0.28257080610021745	0.4199995942321155	0.4613470276096582	0.6142861287948613	0.4762769305252977	0.6050593076736867	0.6946259985475659
226	0.3551198257080614	0.3150326797385619	0.28257080610021745	0.4199995942321155	0.4613470276096582	0.6142861287948613	0.4762769305252977	0.6050593076736867	0.6946259985475659
227	0.3551198257080614	0.3150326797385619	0.28257080610021745	0.4197143442243345	0.4610617776018772	0.6140008787870805	0.4762769305252977	0.6050593076736867	0.6946259985475659
228	0.3543936092955705	0.3150326797385619	0.28257080610021745	0.41938034411525343	0.46121025634775703	0.6141453682045228	0.4765190026627946	0.6051803437424351	0.6946259985475659
229	0.3543936092955705	0.3150326797385619	0.28257080610021745	0.41995847186468394	0.4613100639493529	0.6142273110980498	0.47688211086904014	0.6054224158799322	0.6946259985475659
230	0.3543936092955705	0.3150326797385619	0.28257080610021745	0.41995847186468394	0.4613100639493529	0.6142273110980498	0.4767610748002917	0.6057855240861776	0.6946259985475659
231	0.3536673928830795	0.3150326797385619	0.28257080610021745	0.4194472749953781	0.46125110427892824	0.6141072401455786	0.4765190026627948	0.6060275962236745	0.6946259985475659
232	0.35439360929557046	0.3150326797385619	0.28257080610021745	0.41958113675562747	0.4609848129026578	0.6138354273924999	0.47664003873154315	0.60639070442992	0.6946259985475659
233	0.35294117647058865	0.3150326797385619	0.28257080610021745	0.4186926047772653	0.4609594586385897	0.6137972575301496	0.4771241830065372	0.60639070442992	0.6946259985475659
234	0.35294117647058865	0.3150326797385619	0.28257080610021745	0.41855874301701584	0.4608519261103048	0.6137392327399326	0.4771241830065372	0.60639070442992	0.6946259985475659
235	0.3522149600580977	0.3150326797385619	0.28257080610021745	0.41804754614771	0.46078105025734006	0.6136683568869677	0.47688211086904025	0.60639070442992	0.6946259985475659
236	0.3522149600580977	0.3150326797385619	0.28257080610021745	0.41804754614771	0.46078105025734006	0.6136683568869677	0.47688211086904025	0.60639070442992	0.6946259985475659
237	0.3522149600580977	0.3150326797385619	0.28257080610021745	0.41804754614771	0.46078105025734006	0.6136444876190567	0.47688211086904025	0.60639070442992	0.6946259985475659
238	0.3522149600580977	0.3150326797385619	0.28257080610021745	0.41804754614771	0.46078105025734006	0.6136444876190567	0.47688211086904025	0.60639070442992	0.6946259985475659
239	0.3522149600580977	0.3150326797385619	0.28257080610021745	0.41804754614771	0.4607303788044519	0.6135439820620843	0.47688211086904025	0.60639070442992	0.6946259985475659
240	0.3522149600580977	0.31546840958605643	0.28257080610021745	0.41804754614771	0.46109351283540395	0.6135694324457731	0.47676107480029173	0.606632776567417	0.6946259985475659
241	0.3522149600580977	0.31546840958605643	0.28257080610021745	0.41804754614771	0.46109351283540395	0.6135694324457731	0.4772452190752857	0.606632776567417	0.6946259985475659
242	0.3522149600580977	0.31590413943355095	0.28257080610021745	0.41804754614771	0.46142253161149943	0.6135954965824115	0.4772452190752857	0.606874848704914	0.6946259985475659
243	0.3522149600580977	0.31590413943355095	0.28257080610021745	0.41804754614771	0.46165345238547967	0.6136137896132139	0.4772452190752857	0.6072379569111596	0.6946259985475659
244	0.3522149600580977	0.31590413943355095	0.28257080610021745	0.41804754614771	0.46165345238547967	0.6136137896132139	0.47736625514403425	0.6072379569111596	0.6946259985475659
245	0.3522149600580977	0.31590413943355095	0.28257080610021745	0.41804754614771	0.4616982575139398	0.6136585947416741	0.4776083272815312	0.6072379569111596	0.6946259985475659
246	0.35294117647058865	0.31590413943355095	0.28257080610021745	0.41855874301701584	0.46174948137623634	0.6136915500058777	0.4776083272815312	0.6074800290486565	0.6946259985475659
247	0.35294117647058865	0.31590413943355095	0.28257080610021745	0.4184248812567664	0.4616527359250431	0.6136052326650725	0.47772936335027966	0.6074800290486565	0.6946259985475659
248	0.35294117647058865	0.31590413943355095	0.28257080610021745	0.4184248812567664	0.4616527359250431	0.6136052326650725	0.47772936335027966	0.6074800290486565	0.6946259985475659
249	0.35294117647058865	0.31590413943355095	0.28257080610021745	0.4184248812567664	0.4616527359250431	0.6135915344492878	0.47772936335027966	0.6074800290486565	0.6946259985475659
250	0.35294117647058865	0.31590413943355095	0.28257080610021745	0.41855874301701584	0.46178659768529245	0.6137422979545082	0.4779714354877767	0.6074800290486565	0.6946259985475659
251	0.35294117647058865	0.31590413943355095	0.28257080610021745	0.41855874301701584	0.46188207426664074	0.6138611606207335	0.4779714354877767	0.6074800290486565	0.6946259985475659
252	0.35294117647058865	0.31590413943355095	0.28257080610021745	0.41855874301701584	0.46188207426664074	0.6138611606207335	0.4779714354877767	0.6074800290486565	0.6946259985475659
253	0.35221496005809777	0.31590413943355095	0.28257080610021745	0.41751349157597084	0.46141213463947944	0.6133912209935722	0.4778503994190282	0.6073589929799079	0.6946259985475659
254	0.3514887436456069	0.31590413943355095	0.28257080610021745	0.417002294706665	0.46134125878651466	0.6133203451406074	0.47857661583151906	0.6073589929799079	0.6946259985475659
255	0.3514887436456069	0.31590413943355095	0.28257080610021745	0.417002294706665	0.46134125878651466	0.6133203451406074	0.47869765190026753	0.6073589929799079	0.6946259985475659
256	0.35221496005809777	0.31590413943355095	0.28257080610021745	0.41764735333622033	0.4615234905517772	0.6135511991117802	0.479060760106513	0.6073589929799079	0.6946259985475659
257	0.35221496005809777	0.31590413943355095	0.28257080610021745	0.4177812150964697	0.46159757431147524	0.6136252828714782	0.4791817961752614	0.6077221011861533	0.6946259985475659
258	0.35221496005809777	0.31590413943355095	0.28257080610021745	0.4177812150964697	0.46159757431147524	0.6136252828714782	0.4791817961752614	0.6077221011861533	0.6946259985475659
259	0.35221496005809777	0.31633986928104546	0.28257080610021745	0.41791507685671914	0.4622482066877798	0.6137766959672233	0.4791817961752614	0.6080852093923986	0.6946259985475659
260	0.3514887436456068	0.31633986928104546	0.28257080610021745	0.4174038799874133	0.4621969828254832	0.6137254721049268	0.4789397240377645	0.6083272815298957	0.6946259985475659
261	0.35076252723311585	0.31633986928104546	0.28257080610021745	0.416515348009051	0.46185339686241145	0.6134329428485472	0.4786976519002676	0.6085693536673926	0.6946259985475659
262	0.35076252723311585	0.31633986928104546	0.28257080610021745	0.4163814862488016	0.46171953510216207	0.613322950356209	0.4786976519002676	0.6090534979423865	0.6946259985475659
263	0.35076252723311585	0.31633986928104546	0.28257080610021745	0.4163814862488016	0.46171953510216207	0.613322950356209	0.47857661583151906	0.6090534979423865	0.6946259985475659
264	0.35076252723311585	0.31633986928104546	0.28257080610021745	0.4163814862488016	0.46171953510216207	0.613322950356209	0.4784555797627706	0.6092955700798834	0.6946259985475659
265	0.35076252723311585	0.31633986928104546	0.28257080610021745	0.4163814862488016	0.46171953510216207	0.613322950356209	0.47821350762527365	0.6092955700798834	0.6946259985475659
266	0.35076252723311585	0.31633986928104546	0.28257080610021745	0.4163814862488016	0.46171953510216207	0.6132995642713317	0.47821350762527365	0.6092955700798834	0.6946259985475659
267	0.35076252723311585	0.3167755991285401	0.28257080610021745	0.4163814862488016	0.46211505099004296	0.6133308961614651	0.47821350762527365	0.6094166061486319	0.6946259985475659
268	0.3514887436456068	0.3167755991285401	0.28257080610021745	0.4170494025807901	0.46220765550814785	0.61342350067957	0.47845557976277053	0.6092955700798834	0.6946259985475659
269	0.3522149600580977	0.3167755991285401	0.28257080610021745	0.41809465402183504	0.4626141547130749	0.6138117312864041	0.4782135076252736	0.6092955700798834	0.6946259985475659
270	0.35294117647058865	0.3167755991285401	0.28257080610021745	0.4187625703538236	0.46270675923117977	0.6139043358045089	0.47857661583151906	0.6092955700798834	0.6946259985475659
271	0.35294117647058865	0.3167755991285401	0.28257080610021745	0.4187625703538236	0.46270675923117977	0.6139043358045089	0.47857661583151906	0.6092955700798834	0.6946259985475659
272	0.35294117647058865	0.31633986928104546	0.28257080610021745	0.4190478203616045	0.4626629904628653	0.6141635216756514	0.4784555797627706	0.609658678286129	0.6946259985475659
273	0.35294117647058865	0.31633986928104546	0.28257080610021745	0.4190478203616045	0.4626629904628653	0.6141635216756514	0.4784555797627706	0.6099007504236259	0.6946259985475659
274	0.35294117647058865	0.31633986928104546	0.28257080610021745	0.4190478203616045	0.4626629904628653	0.6141869077605286	0.4784555797627706	0.6099007504236259	0.6946259985475659
275	0.3536673928830795	0.31633986928104546	0.28257080610021745	0.419715736693593	0.46275559498097013	0.6142795122786335	0.4783345436940221	0.6097797143548774	0.6946259985475659
276	0.3536673928830795	0.31633986928104546	0.28257080610021745	0.419715736693593	0.46271832282837033	0.6142422401260337	0.4783345436940221	0.6097797143548774	0.6946259985475659
277	0.3536673928830795	0.31633986928104546	0.28257080610021745	0.419715736693593	0.46271832282837033	0.6142422401260337	0.4783345436940221	0.6100217864923744	0.6946259985475659
278	0.3536673928830795	0.31633986928104546	0.28257080610021745	0.419715736693593	0.46271832282837033	0.6142422401260337	0.4780924715565251	0.6100217864923744	0.6946259985475659
279	0.3536673928830795	0.31633986928104546	0.28257080610021745	0.4198495984538424	0.4629107257864483	0.6144346430841117	0.4783345436940221	0.6099007504236258	0.6946259985475659
280	0.3536673928830795	0.31633986928104546	0.28257080610021745	0.4198495984538424	0.4629107257864483	0.6144346430841117	0.4783345436940221	0.6099007504236258	0.6946259985475659
281	0.3536673928830795	0.31633986928104546	0.28257080610021745	0.4198495984538424	0.4629107257864483	0.6144346430841117	0.4783345436940221	0.6099007504236258	0.6946259985475659
282	0.3536673928830795	0.31633986928104546	0.28257080610021745	0.4198495984538424	0.4629107257864483	0.6144346430841117	0.4783345436940221	0.6099007504236258	0.6946259985475659
283	0.3543936092955705	0.31633986928104546	0.28257080610021745	0.4203607953231483	0.46293679651095293	0.6144607138086162	0.47845557976277053	0.6099007504236258	0.6946259985475659
284	0.3543936092955705	0.31633986928104546	0.28257080610021745	0.4202269335628989	0.4628029347507035	0.6143268520483668	0.47845557976277053	0.6099007504236258	0.6946259985475659
285	0.3543936092955705	0.31590413943355095	0.28257080610021745	0.4202269335628989	0.4625170849086287	0.6143194048025008	0.47845557976277053	0.6102638586298713	0.6946259985475659
286	0.3543936092955705	0.31590413943355095	0.28257080610021745	0.4203607953231483	0.4625765582072221	0.6143788781010944	0.47845557976277053	0.6102638586298713	0.6946259985475659
287	0.3543936092955705	0.31590413943355095	0.28257080610021745	0.4203607953231483	0.4625765582072221	0.6143788781010944	0.47845557976277053	0.6105059307673681	0.6946259985475659
288	0.3536673928830795	0.31590413943355095	0.28257080610021745	0.4198495984538425	0.46252533434492565	0.6143276542387979	0.478576615831519	0.6105059307673681	0.6946259985475659
289	0.3536673928830795	0.31590413943355095	0.2827886710239648	0.41953615952847706	0.4622118954195603	0.6142153988635691	0.478576615831519	0.6105059307673681	0.6946259985475659
290	0.3536673928830795	0.31590413943355095	0.2827886710239648	0.41953615952847706	0.4622118954195603	0.6141848432225457	0.478576615831519	0.6105059307673681	0.6946259985475659
291	0.3529411764705886	0.31590413943355095	0.2827886710239648	0.4190249626591712	0.4621529357491357	0.614125883552121	0.47893972403776447	0.6105059307673681	0.6946259985475659
292	0.3529411764705886	0.31546840958605643	0.2827886710239648	0.4190249626591712	0.4618670859070609	0.6140798530776734	0.47893972403776447	0.6106269668361167	0.6945049624788174
293	0.3536673928830795	0.31546840958605643	0.2827886710239648	0.41953615952847717	0.4619183097693574	0.6141310769399699	0.4790607601065129	0.6106269668361167	0.6945049624788174
294	0.3536673928830795	0.31546840958605643	0.2827886710239648	0.41953615952847717	0.4619183097693574	0.6141117943542669	0.47942386831275835	0.6106269668361167	0.6945049624788174
295	0.3529411764705886	0.31546840958605643	0.28257080610021745	0.4190249626591712	0.4620774887206477	0.6140909720502242	0.47966594045025535	0.6106269668361167	0.6946259985475659
296	0.3529411764705886	0.31546840958605643	0.28257080610021745	0.4194022977682277	0.4624548238297041	0.6144683071592806	0.4799080125877524	0.6109900750423622	0.6946259985475659
297	0.3529411764705886	0.31546840958605643	0.28257080610021745	0.4194022977682277	0.4624548238297041	0.6144683071592806	0.4799080125877524	0.6111111111111107	0.6946259985475659
298	0.3529411764705886	0.31546840958605643	0.28257080610021745	0.4194022977682277	0.4624548238297041	0.6144683071592806	0.4799080125877524	0.6111111111111107	0.6946259985475659
299	0.3529411764705886	0.31546840958605643	0.28257080610021745	0.4194022977682277	0.4624548238297041	0.6144805840429712	0.48015008472524934	0.6111111111111107	0.6946259985475659
40838347184602536	0.4475800459188914	0.6066877320891317	0.4834180585814578	0.6190994916485106	0.6947470346163144
