0	0.23747276688453162	0.2361655773420483	0.23638344226579508	0.25868594880600737	0.312498726840591	0.47290578370261555	0.45194868070685	0.6935366739288301	0.8533042846768362
1	0.23747276688453162	0.2361655773420483	0.23638344226579508	0.25868594880600737	0.312498726840591	0.47290578370261555	0.45194868070685	0.6935366739288301	0.8533042846768362
2	0.23747276688453162	0.2361655773420483	0.23638344226579508	0.25868594880600737	0.312498726840591	0.47290578370261555	0.45194868070685	0.6935366739288301	0.8533042846768362
3	0.23747276688453162	0.2361655773420483	0.23638344226579508	0.25868594880600737	0.312498726840591	0.47290578370261555	0.45194868070685	0.6935366739288301	0.8533042846768362
4	0.23747276688453162	0.2361655773420483	0.23638344226579508	0.25868594880600737	0.312498726840591	0.47290578370261555	0.45194868070685	0.6935366739288301	0.8533042846768362
5	0.23747276688453162	0.2361655773420483	0.23638344226579508	0.25868594880600737	0.312498726840591	0.47290578370261555	0.45194868070685	0.6935366739288301	0.8533042846768362
6	0.23747276688453162	0.2361655773420483	0.23638344226579508	0.25868594880600737	0.312498726840591	0.47290578370261555	0.45194868070685	0.6935366739288301	0.8533042846768362
7	0.23747276688453162	0.2361655773420483	0.23638344226579508	0.25868594880600737	0.312498726840591	0.47290578370261555	0.45194868070685	0.6935366739288301	0.8533042846768362
8	0.23747276688453162	0.2361655773420483	0.23638344226579508	0.25868594880600737	0.312498726840591	0.47290578370261555	0.45194868070685	0.6935366739288301	0.8533042846768362
9	0.23747276688453162	0.2361655773420483	0.23638344226579508	0.25868594880600737	0.312498726840591	0.47290578370261555	0.45194868070685	0.6935366739288301	0.8533042846768362
10	0.23747276688453162	0.2361655773420483	0.23638344226579508	0.25868594880600737	0.312498726840591	0.47290578370261555	0.45194868070685	0.6935366739288301	0.8533042846768362
11	0.23747276688453162	0.2361655773420483	0.23638344226579508	0.25868594880600737	0.312498726840591	0.47290578370261555	0.45194868070685	0.6935366739288301	0.8533042846768362
12	0.23747276688453162	0.2361655773420483	0.23638344226579508	0.25868594880600737	0.312498726840591	0.47290578370261555	0.45194868070685	0.6935366739288301	0.8533042846768362
13	0.23747276688453162	0.2361655773420483	0.23638344226579508	0.25868594880600737	0.312498726840591	0.47290578370261555	0.45194868070685	0.6935366739288301	0.8533042846768362
14	0.23747276688453162	0.2361655773420483	0.23638344226579508	0.25868594880600737	0.312498726840591	0.47290578370261555	0.45194868070685	0.6935366739288301	0.8533042846768362
15	0.23747276688453162	0.2361655773420483	0.23638344226579508	0.25868594880600737	0.312498726840591	0.47290578370261555	0.45194868070685	0.6935366739288301	0.8533042846768362
16	0.23747276688453162	0.2361655773420483	0.23638344226579508	0.25868594880600737	0.312498726840591	0.47290578370261555	0.45194868070685	0.6935366739288301	0.8533042846768362
17	0.23747276688453162	0.2361655773420483	0.23638344226579508	0.25868594880600737	0.312498726840591	0.47290578370261555	0.45194868070685	0.6935366739288301	0.8533042846768362
18	0.23747276688453162	0.2361655773420483	0.23638344226579508	0.2588198105662568	0.31261008275288876	0.4730171396149134	0.45194868070685	0.6935366739288301	0.8533042846768362
19	0.23747276688453162	0.2361655773420483	0.23638344226579508	0.2588198105662568	0.31261008275288876	0.4730171396149134	0.45194868070685	0.6935366739288301	0.8533042846768362
20	0.23747276688453162	0.2361655773420483	0.23638344226579508	0.2588198105662568	0.31261008275288876	0.4730171396149134	0.45194868070685	0.6935366739288301	0.8533042846768362
21	0.23747276688453162	0.2361655773420483	0.23638344226579508	0.2588198105662568	0.31261008275288876	0.4730171396149134	0.45194868070685	0.6935366739288301	0.8533042846768362
22	0.23747276688453162	0.2361655773420483	0.23638344226579508	0.2588198105662568	0.31261008275288876	0.4730171396149134	0.45194868070685	0.6935366739288301	0.8533042846768362
23	0.23747276688453162	0.2361655773420483	0.23638344226579508	0.2588198105662568	0.31261008275288876	0.4730171396149134	0.45194868070685	0.6935366739288301	0.8533042846768362
24	0.23747276688453162	0.2361655773420483	0.23638344226579508	0.2588198105662568	0.31261008275288876	0.4730171396149134	0.45194868070685	0.6935366739288301	0.8533042846768362
25	0.23747276688453162	0.2361655773420483	0.23638344226579508	0.2588198105662568	0.31261008275288876	0.4730171396149134	0.45194868070685	0.6935366739288301	0.8533042846768362
26	0.23747276688453162	0.2361655773420483	0.23638344226579508	0.2588198105662568	0.31261008275288876	0.4730171396149134	0.45194868070685	0.6935366739288301	0.8533042846768362
27	0.23747276688453162	0.2361655773420483	0.23638344226579508	0.2588198105662568	0.31261008275288876	0.4730171396149134	0.45194868070685	0.6935366739288301	0.8533042846768362
28	0.23747276688453162	0.2361655773420483	0.23638344226579508	0.2588198105662568	0.31261008275288876	0.4730171396149134	0.45194868070685	0.6935366739288301	0.8533042846768362
29	0.23747276688453162	0.2361655773420483	0.23638344226579508	0.2588198105662568	0.31261008275288876	0.4730171396149134	0.45194868070685	0.6935366739288301	0.8533042846768362
30	0.23747276688453162	0.2361655773420483	0.23638344226579508	0.2588198105662568	0.31261008275288876	0.4730171396149134	0.45194868070685	0.6935366739288301	0.8533042846768362
31	0.23747276688453162	0.2361655773420483	0.23638344226579508	0.2588198105662568	0.31261008275288876	0.4730171396149134	0.45194868070685	0.6935366739288301	0.8533042846768362
32	0.23747276688453162	0.2361655773420483	0.23638344226579508	0.2588198105662568	0.31261008275288876	0.4730171396149134	0.45194868070685	0.6935366739288301	0.8533042846768362
33	0.23747276688453162	0.2361655773420483	0.23638344226579508	0.2588198105662568	0.31261008275288876	0.4730171396149134	0.45194868070685	0.6935366739288301	0.8533042846768362
34	0.23747276688453162	0.2361655773420483	0.23638344226579508	0.2588198105662568	0.31261008275288876	0.4730171396149134	0.45194868070685	0.6935366739288301	0.8533042846768362
35	0.23747276688453162	0.2361655773420483	0.23638344226579508	0.2588198105662568	0.31261008275288876	0.4730171396149134	0.45194868070685	0.6935366739288301	0.8533042846768362
36	0.23747276688453162	0.2361655773420483	0.23638344226579508	0.2588198105662568	0.31261008275288876	0.4730171396149134	0.45194868070685	0.6935366739288301	0.8533042846768362
37	0.23747276688453162	0.2361655773420483	0.23638344226579508	0.2588198105662568	0.31261008275288876	0.4730171396149134	0.45194868070685	0.6935366739288301	0.8533042846768362
38	0.23747276688453162	0.2361655773420483	0.23638344226579508	0.2588198105662568	0.31261008275288876	0.4730171396149134	0.45194868070685	0.6935366739288301	0.8533042846768362
39	0.23747276688453162	0.2361655773420483	0.23638344226579508	0.2588198105662568	0.31261008275288876	0.4730171396149134	0.45194868070685	0.6935366739288301	0.8533042846768362
40	0.23747276688453162	0.2361655773420483	0.23638344226579508	0.2588198105662568	0.31261008275288876	0.4730171396149134	0.45194868070685	0.6935366739288301	0.8533042846768362
41	0.23747276688453162	0.2361655773420483	0.23638344226579508	0.2588198105662568	0.31261008275288876	0.4730171396149134	0.45194868070685	0.6935366739288301	0.8533042846768362
42	0.23747276688453162	0.2361655773420483	0.23638344226579508	0.2588198105662568	0.31261008275288876	0.4730171396149134	0.45194868070685	0.6935366739288301	0.8533042846768362
43	0.23747276688453162	0.2361655773420483	0.23638344226579508	0.2588198105662568	0.31261008275288876	0.4730171396149134	0.45194868070685	0.6935366739288301	0.8533042846768362
44	0.23747276688453162	0.2361655773420483	0.23638344226579508	0.2588198105662568	0.31261008275288876	0.4730171396149134	0.45194868070685	0.6935366739288301	0.8533042846768362
45	0.23747276688453162	0.2361655773420483	0.23638344226579508	0.2588198105662568	0.31261008275288876	0.4730171396149134	0.45194868070685	0.6935366739288301	0.8533042846768362
46	0.23747276688453162	0.2361655773420483	0.23638344226579508	0.2588198105662568	0.31261008275288876	0.4730171396149134	0.45194868070685	0.6935366739288301	0.8533042846768362
47	0.23747276688453162	0.2361655773420483	0.23638344226579508	0.2588198105662568	0.31261008275288876	0.4730171396149134	0.45194868070685	0.6935366739288301	0.8533042846768362
48	0.23747276688453162	0.2361655773420483	0.23638344226579508	0.2588198105662568	0.31261008275288876	0.4730171396149134	0.45194868070685	0.6935366739288301	0.8533042846768362
49	0.23747276688453162	0.2361655773420483	0.23638344226579508	0.2588198105662568	0.31261008275288876	0.4730171396149134	0.45194868070685	0.6935366739288301	0.8533042846768362
50	0.23747276688453162	0.2361655773420483	0.23638344226579508	0.2588198105662568	0.31261008275288876	0.4730171396149134	0.45194868070685	0.6935366739288301	0.8533042846768362
51	0.23747276688453162	0.2361655773420483	0.23638344226579508	0.2588198105662568	0.31261008275288876	0.4730171396149134	0.45194868070685	0.6935366739288301	0.8533042846768362
52	0.23747276688453162	0.2361655773420483	0.23638344226579508	0.2588198105662568	0.31261008275288876	0.4730171396149134	0.45194868070685	0.6935366739288301	0.8533042846768362
53	0.23747276688453162	0.2361655773420483	0.23638344226579508	0.2588198105662568	0.31261008275288876	0.4730171396149134	0.45194868070685	0.6935366739288301	0.8533042846768362
54	0.23747276688453162	0.2361655773420483	0.23638344226579508	0.2588198105662568	0.31261008275288876	0.4730171396149134	0.45194868070685	0.6935366739288301	0.8533042846768362
55	0.23747276688453162	0.2361655773420483	0.23638344226579508	0.2588198105662568	0.31261008275288876	0.4730171396149134	0.45194868070685	0.6935366739288301	0.8533042846768362
56	0.23747276688453162	0.2361655773420483	0.23638344226579508	0.2588198105662568	0.31261008275288876	0.4730171396149134	0.45194868070685	0.6935366739288301	0.8533042846768362
57	0.23747276688453162	0.2361655773420483	0.23638344226579508	0.2588198105662568	0.31261008275288876	0.4730171396149134	0.45194868070685	0.6935366739288301	0.8533042846768362
58	0.23747276688453162	0.2361655773420483	0.23638344226579508	0.2588198105662568	0.31261008275288876	0.4730171396149134	0.45194868070685	0.6935366739288301	0.8533042846768362
59	0.23747276688453162	0.2361655773420483	0.23638344226579508	0.2588198105662568	0.31261008275288876	0.4730171396149134	0.45194868070685	0.6935366739288301	0.8533042846768362
60	0.23747276688453162	0.2361655773420483	0.23638344226579508	0.2588198105662568	0.31261008275288876	0.4730171396149134	0.45194868070685	0.6935366739288301	0.8533042846768362
61	0.23747276688453162	0.2361655773420483	0.23638344226579508	0.2588198105662568	0.31261008275288876	0.4730171396149134	0.45194868070685	0.6935366739288301	0.8533042846768362
62	0.23747276688453162	0.2361655773420483	0.23638344226579508	0.2588198105662568	0.31261008275288876	0.4730171396149134	0.45194868070685	0.6935366739288301	0.8533042846768362
63	0.23747276688453162	0.2361655773420483	0.23638344226579508	0.2588198105662568	0.31261008275288876	0.4730171396149134	0.45194868070685	0.6935366739288301	0.8533042846768362
64	0.23747276688453162	0.2361655773420483	0.23638344226579508	0.2588198105662568	0.31261008275288876	0.4730171396149134	0.45194868070685	0.6935366739288301	0.8533042846768362
65	0.23747276688453162	0.2361655773420483	0.23638344226579508	0.2588198105662568	0.31261008275288876	0.4730171396149134	0.45194868070685	0.6935366739288301	0.8533042846768362
66	0.23747276688453162	0.2361655773420483	0.23638344226579508	0.2588198105662568	0.31261008275288876	0.4730171396149134	0.45194868070685	0.6935366739288301	0.8533042846768362
67	0.23747276688453162	0.2361655773420483	0.23638344226579508	0.2588198105662568	0.31261008275288876	0.4730171396149134	0.45194868070685	0.6935366739288301	0.8533042846768362
68	0.23747276688453162	0.2361655773420483	0.23638344226579508	0.2588198105662568	0.31261008275288876	0.4730171396149134	0.45194868070685	0.6935366739288301	0.8533042846768362
69	0.23747276688453162	0.2361655773420483	0.23638344226579508	0.2588198105662568	0.31261008275288876	0.4730171396149134	0.45194868070685	0.6935366739288301	0.8533042846768362
70	0.23747276688453162	0.2361655773420483	0.23638344226579508	0.2588198105662568	0.31261008275288876	0.4730171396149134	0.45194868070685	0.6935366739288301	0.8533042846768362
71	0.23747276688453162	0.2361655773420483	0.23638344226579508	0.2588198105662568	0.31261008275288876	0.4730171396149134	0.45194868070685	0.6935366739288301	0.8533042846768362
72	0.23747276688453162	0.2361655773420483	0.23638344226579508	0.2588198105662568	0.31261008275288876	0.4730171396149134	0.45194868070685	0.6935366739288301	0.8533042846768362
73	0.23747276688453162	0.2361655773420483	0.23638344226579508	0.2588198105662568	0.31261008275288876	0.4730171396149134	0.45194868070685	0.6935366739288301	0.8533042846768362
74	0.23747276688453162	0.2361655773420483	0.23638344226579508	0.2588198105662568	0.31261008275288876	0.4730171396149134	0.45194868070685	0.6935366739288301	0.8533042846768362
75	0.23747276688453162	0.2361655773420483	0.23638344226579508	0.2588198105662568	0.31261008275288876	0.4730171396149134	0.45194868070685	0.6935366739288301	0.8533042846768362
76	0.23747276688453162	0.2361655773420483	0.23638344226579508	0.2588198105662568	0.31261008275288876	0.4730171396149134	0.45194868070685	0.6935366739288301	0.8533042846768362
77	0.23747276688453162	0.2361655773420483	0.23638344226579508	0.2588198105662568	0.31261008275288876	0.4730171396149134	0.45194868070685	0.6935366739288301	0.8533042846768362
78	0.23747276688453162	0.2361655773420483	0.23638344226579508	0.2588198105662568	0.31261008275288876	0.4730171396149134	0.45194868070685	0.6935366739288301	0.8533042846768362
79	0.23747276688453162	0.2361655773420483	0.23638344226579508	0.2588198105662568	0.31261008275288876	0.4730171396149134	0.45194868070685	0.6935366739288301	0.8533042846768362
80	0.23747276688453162	0.2361655773420483	0.23638344226579508	0.2588198105662568	0.31261008275288876	0.4730171396149134	0.45194868070685	0.6935366739288301	0.8533042846768362
81	0.23747276688453162	0.2361655773420483	0.23638344226579508	0.2588198105662568	0.31261008275288876	0.4730171396149134	0.45194868070685	0.6935366739288301	0.8533042846768362
82	0.23747276688453162	0.2361655773420483	0.23638344226579508	0.2588198105662568	0.31261008275288876	0.4730171396149134	0.45194868070685	0.6935366739288301	0.8533042846768362
83	0.23747276688453162	0.2361655773420483	0.23638344226579508	0.2588198105662568	0.31261008275288876	0.4730171396149134	0.45194868070685	0.6935366739288301	0.8533042846768362
84	0.23747276688453162	0.2361655773420483	0.23638344226579508	0.2588198105662568	0.31261008275288876	0.4730171396149134	0.45194868070685	0.6935366739288301	0.8533042846768362
85	0.23747276688453162	0.2361655773420483	0.23638344226579508	0.2588198105662568	0.31261008275288876	0.4730171396149134	0.45194868070685	0.6935366739288301	0.8533042846768362
86	0.23747276688453162	0.2361655773420483	0.23638344226579508	0.2588198105662568	0.31261008275288876	0.4730171396149134	0.45194868070685	0.6935366739288301	0.8533042846768362
87	0.23747276688453162	0.2361655773420483	0.23638344226579508	0.2588198105662568	0.31261008275288876	0.4730171396149134	0.45194868070685	0.6935366739288301	0.8533042846768362
88	0.23747276688453162	0.2361655773420483	0.23638344226579508	0.2588198105662568	0.31261008275288876	0.4730171396149134	0.45194868070685	0.6935366739288301	0.8533042846768362
89	0.23747276688453162	0.2361655773420483	0.23638344226579508	0.2588198105662568	0.31261008275288876	0.4730171396149134	0.45194868070685	0.6935366739288301	0.8533042846768362
90	0.23747276688453162	0.2361655773420483	0.23638344226579508	0.2588198105662568	0.31261008275288876	0.4730171396149134	0.45194868070685	0.6935366739288301	0.8533042846768362
91	0.23747276688453162	0.2361655773420483	0.23638344226579508	0.2588198105662568	0.31261008275288876	0.4730171396149134	0.45194868070685	0.6935366739288301	0.8533042846768362
92	0.23747276688453162	0.2361655773420483	0.23638344226579508	0.2588198105662568	0.31261008275288876	0.4730171396149134	0.45194868070685	0.6935366739288301	0.8533042846768362
93	0.23747276688453162	0.2361655773420483	0.23638344226579508	0.2588198105662568	0.31261008275288876	0.4730171396149134	0.45194868070685	0.6935366739288301	0.8533042846768362
94	0.23747276688453162	0.2361655773420483	0.23638344226579508	0.2588198105662568	0.31261008275288876	0.4730171396149134	0.45194868070685	0.6935366739288301	0.8533042846768362
95	0.23747276688453162	0.2361655773420483	0.23638344226579508	0.2588198105662568	0.31261008275288876	0.4730171396149134	0.45194868070685	0.6935366739288301	0.8533042846768362
96	0.23747276688453162	0.2361655773420483	0.23638344226579508	0.2588198105662568	0.31261008275288876	0.4730171396149134	0.45194868070685	0.6935366739288301	0.8533042846768362
97	0.23747276688453162	0.2361655773420483	0.23638344226579508	0.2588198105662568	0.31261008275288876	0.4730171396149134	0.45194868070685	0.6935366739288301	0.8533042846768362
98	0.23747276688453162	0.2361655773420483	0.23638344226579508	0.2588198105662568	0.31261008275288876	0.4730171396149134	0.45194868070685	0.6935366739288301	0.8533042846768362
99	0.23747276688453162	0.2361655773420483	0.23638344226579508	0.2588198105662568	0.31261008275288876	0.4730171396149134	0.45194868070685	0.6935366739288301	0.8533042846768362
100	0.23747276688453162	0.2361655773420483	0.23638344226579508	0.2588198105662568	0.31261008275288876	0.4730171396149134	0.45194868070685	0.6935366739288301	0.8533042846768362
101	0.23747276688453162	0.2361655773420483	0.23638344226579508	0.2588198105662568	0.31261008275288876	0.4730171396149134	0.45194868070685	0.6935366739288301	0.8533042846768362
102	0.23747276688453162	0.2361655773420483	0.23638344226579508	0.2588198105662568	0.31261008275288876	0.4730171396149134	0.45194868070685	0.6935366739288301	0.8533042846768362
103	0.23747276688453162	0.2361655773420483	0.23638344226579508	0.2588198105662568	0.31261008275288876	0.4730171396149134	0.45194868070685	0.6935366739288301	0.8533042846768362
104	0.23747276688453162	0.2361655773420483	0.23638344226579508	0.2588198105662568	0.31261008275288876	0.4730171396149134	0.45194868070685	0.6935366739288301	0.8533042846768362
105	0.23747276688453162	0.2361655773420483	0.23638344226579508	0.2588198105662568	0.31261008275288876	0.4730171396149134	0.45194868070685	0.6935366739288301	0.8533042846768362
106	0.23747276688453162	0.2361655773420483	0.23638344226579508	0.2588198105662568	0.31261008275288876	0.4730171396149134	0.45194868070685	0.6935366739288301	0.8533042846768362
107	0.23747276688453162	0.2361655773420483	0.23638344226579508	0.2588198105662568	0.31261008275288876	0.4730171396149134	0.45194868070685	0.6935366739288301	0.8533042846768362
108	0.23747276688453162	0.2361655773420483	0.23638344226579508	0.2588198105662568	0.31261008275288876	0.4730171396149134	0.45194868070685	0.6935366739288301	0.8533042846768362
109	0.23747276688453162	0.2361655773420483	0.23638344226579508	0.2588198105662568	0.31261008275288876	0.4730171396149134	0.45194868070685	0.6935366739288301	0.8533042846768362
110	0.23747276688453162	0.2361655773420483	0.23638344226579508	0.2588198105662568	0.31261008275288876	0.4730171396149134	0.45194868070685	0.6935366739288301	0.8533042846768362
111	0.23747276688453162	0.2361655773420483	0.23638344226579508	0.2588198105662568	0.31261008275288876	0.4730171396149134	0.45194868070685	0.6935366739288301	0.8533042846768362
112	0.23747276688453162	0.2361655773420483	0.23638344226579508	0.2588198105662568	0.31261008275288876	0.4730171396149134	0.45194868070685	0.6935366739288301	0.8533042846768362
113	0.23747276688453162	0.2361655773420483	0.23638344226579508	0.2588198105662568	0.31261008275288876	0.4730171396149134	0.45194868070685	0.6935366739288301	0.8533042846768362
114	0.23747276688453162	0.2361655773420483	0.23638344226579508	0.2588198105662568	0.31261008275288876	0.4730171396149134	0.45194868070685	0.6935366739288301	0.8533042846768362
115	0.23747276688453162	0.2361655773420483	0.23638344226579508	0.2588198105662568	0.31261008275288876	0.4730171396149134	0.45194868070685	0.6935366739288301	0.8533042846768362
116	0.23747276688453162	0.2361655773420483	0.23638344226579508	0.2588198105662568	0.31261008275288876	0.4730171396149134	0.45194868070685	0.6935366739288301	0.8533042846768362
117	0.23747276688453162	0.2361655773420483	0.23638344226579508	0.2588198105662568	0.31261008275288876	0.4730171396149134	0.45194868070685	0.6935366739288301	0.8533042846768362
118	0.23747276688453162	0.2361655773420483	0.23638344226579508	0.2588198105662568	0.31261008275288876	0.4730171396149134	0.45194868070685	0.6935366739288301	0.8533042846768362
119	0.23747276688453162	0.2361655773420483	0.23638344226579508	0.2588198105662568	0.31261008275288876	0.4730171396149134	0.45194868070685	0.6935366739288301	0.8533042846768362
120	0.23747276688453162	0.2361655773420483	0.23638344226579508	0.2588198105662568	0.31261008275288876	0.4730171396149134	0.45194868070685	0.6935366739288301	0.8533042846768362
121	0.23747276688453162	0.2361655773420483	0.23638344226579508	0.2588198105662568	0.31261008275288876	0.4730171396149134	0.45194868070685	0.6935366739288301	0.8533042846768362
122	0.23747276688453162	0.2361655773420483	0.23638344226579508	0.2588198105662568	0.31261008275288876	0.4730171396149134	0.45194868070685	0.6935366739288301	0.8533042846768362
123	0.23747276688453162	0.2361655773420483	0.23638344226579508	0.2588198105662568	0.31261008275288876	0.4730171396149134	0.45194868070685	0.6935366739288301	0.8533042846768362
124	0.23747276688453162	0.2361655773420483	0.23638344226579508	0.2588198105662568	0.31261008275288876	0.4730171396149134	0.45194868070685	0.6935366739288301	0.8533042846768362
125	0.23747276688453162	0.2361655773420483	0.23638344226579508	0.2588198105662568	0.31261008275288876	0.4730171396149134	0.45194868070685	0.6935366739288301	0.8533042846768362
126	0.23747276688453162	0.2361655773420483	0.23638344226579508	0.2588198105662568	0.31261008275288876	0.4730171396149134	0.45194868070685	0.6935366739288301	0.8533042846768362
127	0.23747276688453162	0.2361655773420483	0.23638344226579508	0.2588198105662568	0.31261008275288876	0.4730171396149134	0.45194868070685	0.6935366739288301	0.8533042846768362
128	0.23747276688453162	0.2361655773420483	0.23638344226579508	0.2588198105662568	0.31261008275288876	0.4730171396149134	0.45194868070685	0.6935366739288301	0.8533042846768362
129	0.23747276688453162	0.2361655773420483	0.23638344226579508	0.2588198105662568	0.31261008275288876	0.4730171396149134	0.45194868070685	0.6935366739288301	0.8533042846768362
130	0.23747276688453162	0.2361655773420483	0.23638344226579508	0.2588198105662568	0.31261008275288876	0.4730171396149134	0.45194868070685	0.6935366739288301	0.8533042846768362
131	0.23747276688453162	0.2361655773420483	0.23638344226579508	0.2588198105662568	0.31261008275288876	0.4730171396149134	0.45194868070685	0.6935366739288301	0.8533042846768362
132	0.23747276688453162	0.2361655773420483	0.23638344226579508	0.2588198105662568	0.31261008275288876	0.4730171396149134	0.45194868070685	0.6935366739288301	0.8533042846768362
133	0.23747276688453162	0.2361655773420483	0.23638344226579508	0.2588198105662568	0.31261008275288876	0.4730171396149134	0.45194868070685	0.6935366739288301	0.8533042846768362
134	0.23747276688453162	0.2361655773420483	0.23638344226579508	0.2588198105662568	0.31261008275288876	0.4730171396149134	0.45194868070685	0.6935366739288301	0.8533042846768362
135	0.23747276688453162	0.2361655773420483	0.23638344226579508	0.2588198105662568	0.31261008275288876	0.4730171396149134	0.45194868070685	0.6935366739288301	0.8533042846768362
136	0.23747276688453162	0.2361655773420483	0.23638344226579508	0.2588198105662568	0.31261008275288876	0.4730171396149134	0.45194868070685	0.6935366739288301	0.8533042846768362
137	0.23747276688453162	0.2361655773420483	0.23638344226579508	0.2588198105662568	0.31261008275288876	0.4730171396149134	0.45194868070685	0.6935366739288301	0.8533042846768362
138	0.23747276688453162	0.2361655773420483	0.23638344226579508	0.2588198105662568	0.31261008275288876	0.4730171396149134	0.45194868070685	0.6935366739288301	0.8533042846768362
139	0.23747276688453162	0.2361655773420483	0.23638344226579508	0.2588198105662568	0.31261008275288876	0.4730171396149134	0.45194868070685	0.6935366739288301	0.8533042846768362
140	0.23747276688453162	0.2361655773420483	0.23638344226579508	0.2588198105662568	0.31261008275288876	0.4730171396149134	0.45194868070685	0.6935366739288301	0.8533042846768362
141	0.23747276688453162	0.2361655773420483	0.23638344226579508	0.2588198105662568	0.31261008275288876	0.4730171396149134	0.45194868070685	0.6935366739288301	0.8533042846768362
142	0.23747276688453162	0.2361655773420483	0.23638344226579508	0.2588198105662568	0.31261008275288876	0.4730171396149134	0.45194868070685	0.6935366739288301	0.8533042846768362
143	0.23747276688453162	0.2361655773420483	0.23638344226579508	0.2588198105662568	0.31261008275288876	0.4730171396149134	0.45194868070685	0.6935366739288301	0.8533042846768362
144	0.23747276688453162	0.2361655773420483	0.23638344226579508	0.2588198105662568	0.31261008275288876	0.4730171396149134	0.45194868070685	0.6935366739288301	0.8533042846768362
145	0.23747276688453162	0.2361655773420483	0.23638344226579508	0.2588198105662568	0.31261008275288876	0.4730171396149134	0.45194868070685	0.6935366739288301	0.8533042846768362
146	0.23747276688453162	0.2361655773420483	0.23638344226579508	0.2588198105662568	0.31261008275288876	0.4730171396149134	0.45194868070685	0.6935366739288301	0.8533042846768362
147	0.23747276688453162	0.2361655773420483	0.23638344226579508	0.2588198105662568	0.31261008275288876	0.4730171396149134	0.45194868070685	0.6935366739288301	0.8533042846768362
148	0.23747276688453162	0.2361655773420483	0.23638344226579508	0.2588198105662568	0.31261008275288876	0.4730171396149134	0.45194868070685	0.6935366739288301	0.8533042846768362
149	0.23747276688453162	0.2361655773420483	0.23638344226579508	0.2588198105662568	0.31261008275288876	0.4730171396149134	0.45194868070685	0.6935366739288301	0.8533042846768362
150	0.23747276688453162	0.2361655773420483	0.23638344226579508	0.2588198105662568	0.31261008275288876	0.4730171396149134	0.45194868070685	0.6935366739288301	0.8533042846768362
151	0.23747276688453162	0.2361655773420483	0.23638344226579508	0.2588198105662568	0.31261008275288876	0.4730171396149134	0.45194868070685	0.6935366739288301	0.8533042846768362
152	0.23747276688453162	0.2361655773420483	0.23638344226579508	0.2588198105662568	0.31261008275288876	0.4730171396149134	0.45194868070685	0.6935366739288301	0.8533042846768362
153	0.23747276688453162	0.2361655773420483	0.23638344226579508	0.2588198105662568	0.31261008275288876	0.4730171396149134	0.45194868070685	0.6935366739288301	0.8533042846768362
154	0.23747276688453162	0.2361655773420483	0.23638344226579508	0.2588198105662568	0.31261008275288876	0.4730171396149134	0.45194868070685	0.6935366739288301	0.8533042846768362
155	0.23747276688453162	0.2361655773420483	0.23638344226579508	0.2588198105662568	0.31261008275288876	0.4730171396149134	0.45194868070685	0.6935366739288301	0.8533042846768362
156	0.23747276688453162	0.2361655773420483	0.23638344226579508	0.2588198105662568	0.31261008275288876	0.4730171396149134	0.45194868070685	0.6935366739288301	0.8533042846768362
157	0.23747276688453162	0.2361655773420483	0.23638344226579508	0.2588198105662568	0.31261008275288876	0.4730171396149134	0.45194868070685	0.6935366739288301	0.8533042846768362
158	0.23747276688453162	0.2361655773420483	0.23638344226579508	0.2588198105662568	0.31261008275288876	0.4730171396149134	0.45194868070685	0.6935366739288301	0.8533042846768362
159	0.23747276688453162	0.2361655773420483	0.23638344226579508	0.2588198105662568	0.31261008275288876	0.4730171396149134	0.45194868070685	0.6935366739288301	0.8533042846768362
160	0.23747276688453162	0.2361655773420483	0.23638344226579508	0.2588198105662568	0.31261008275288876	0.4730171396149134	0.45194868070685	0.6935366739288301	0.8533042846768362
161	0.23747276688453162	0.2361655773420483	0.23638344226579508	0.2588198105662568	0.31261008275288876	0.4730171396149134	0.45194868070685	0.6935366739288301	0.8533042846768362
162	0.23747276688453162	0.2361655773420483	0.23638344226579508	0.2588198105662568	0.31261008275288876	0.4730171396149134	0.45194868070685	0.6935366739288301	0.8533042846768362
163	0.23747276688453162	0.2361655773420483	0.23638344226579508	0.2588198105662568	0.31261008275288876	0.4730171396149134	0.45194868070685	0.6935366739288301	0.8533042846768362
164	0.23747276688453162	0.2361655773420483	0.23638344226579508	0.2588198105662568	0.31261008275288876	0.4730171396149134	0.45194868070685	0.6935366739288301	0.8533042846768362
165	0.23747276688453162	0.2361655773420483	0.23638344226579508	0.2588198105662568	0.31261008275288876	0.4730171396149134	0.45194868070685	0.6935366739288301	0.8533042846768362
166	0.23747276688453162	0.2361655773420483	0.23638344226579508	0.2588198105662568	0.31261008275288876	0.4730171396149134	0.45194868070685	0.6935366739288301	0.8533042846768362
167	0.23747276688453162	0.2361655773420483	0.23638344226579508	0.2588198105662568	0.31261008275288876	0.4730171396149134	0.45194868070685	0.6935366739288301	0.8533042846768362
168	0.23747276688453162	0.2361655773420483	0.23638344226579508	0.2588198105662568	0.31261008275288876	0.4730171396149134	0.45194868070685	0.6935366739288301	0.8533042846768362
169	0.23747276688453162	0.2361655773420483	0.23638344226579508	0.2588198105662568	0.31261008275288876	0.4730171396149134	0.45194868070685	0.6935366739288301	0.8533042846768362
170	0.23747276688453162	0.2361655773420483	0.23638344226579508	0.2588198105662568	0.31261008275288876	0.4730171396149134	0.45194868070685	0.6935366739288301	0.8533042846768362
171	0.23747276688453162	0.2361655773420483	0.23638344226579508	0.2588198105662568	0.31261008275288876	0.4730171396149134	0.45194868070685	0.6935366739288301	0.8533042846768362
172	0.23747276688453162	0.2361655773420483	0.23638344226579508	0.2588198105662568	0.31261008275288876	0.4730171396149134	0.45194868070685	0.6935366739288301	0.8533042846768362
173	0.23747276688453162	0.2361655773420483	0.23638344226579508	0.2588198105662568	0.31261008275288876	0.4730171396149134	0.45194868070685	0.6935366739288301	0.8533042846768362
174	0.23747276688453162	0.2361655773420483	0.23638344226579508	0.2588198105662568	0.31261008275288876	0.4730171396149134	0.45194868070685	0.6935366739288301	0.8533042846768362
175	0.23747276688453162	0.2361655773420483	0.23638344226579508	0.2588198105662568	0.31261008275288876	0.4730171396149134	0.45194868070685	0.6935366739288301	0.8533042846768362
176	0.23747276688453162	0.2361655773420483	0.23638344226579508	0.2588198105662568	0.31261008275288876	0.4730171396149134	0.45194868070685	0.6935366739288301	0.8533042846768362
177	0.23747276688453162	0.2361655773420483	0.23638344226579508	0.2588198105662568	0.31261008275288876	0.4730171396149134	0.45194868070685	0.6935366739288301	0.8533042846768362
178	0.23747276688453162	0.2361655773420483	0.23638344226579508	0.2588198105662568	0.31261008275288876	0.4730171396149134	0.45194868070685	0.6935366739288301	0.8533042846768362
179	0.23747276688453162	0.2361655773420483	0.23638344226579508	0.2588198105662568	0.31261008275288876	0.4730171396149134	0.45194868070685	0.6935366739288301	0.8533042846768362
180	0.23747276688453162	0.2361655773420483	0.23638344226579508	0.2588198105662568	0.31261008275288876	0.4730171396149134	0.45194868070685	0.6935366739288301	0.8533042846768362
181	0.23747276688453162	0.2361655773420483	0.23638344226579508	0.2588198105662568	0.31261008275288876	0.4730171396149134	0.45194868070685	0.6935366739288301	0.8533042846768362
182	0.23747276688453162	0.2361655773420483	0.23638344226579508	0.2588198105662568	0.31261008275288876	0.4730171396149134	0.45194868070685	0.6935366739288301	0.8533042846768362
183	0.23747276688453162	0.2361655773420483	0.23638344226579508	0.2588198105662568	0.31261008275288876	0.4730171396149134	0.45194868070685	0.6935366739288301	0.8533042846768362
184	0.23747276688453162	0.2361655773420483	0.23638344226579508	0.2588198105662568	0.31261008275288876	0.4730171396149134	0.45194868070685	0.6935366739288301	0.8533042846768362
185	0.23747276688453162	0.2361655773420483	0.23638344226579508	0.2588198105662568	0.31261008275288876	0.4730171396149134	0.45194868070685	0.6935366739288301	0.8533042846768362
186	0.23747276688453162	0.2361655773420483	0.23638344226579508	0.2588198105662568	0.31261008275288876	0.4730171396149134	0.45194868070685	0.6935366739288301	0.8533042846768362
187	0.23747276688453162	0.2361655773420483	0.23638344226579508	0.2588198105662568	0.31261008275288876	0.4730171396149134	0.45194868070685	0.6935366739288301	0.8533042846768362
188	0.23747276688453162	0.2361655773420483	0.23638344226579508	0.2588198105662568	0.31261008275288876	0.4730171396149134	0.45194868070685	0.6935366739288301	0.8533042846768362
189	0.23747276688453162	0.2361655773420483	0.23638344226579508	0.2588198105662568	0.31261008275288876	0.4730171396149134	0.45194868070685	0.6935366739288301	0.8533042846768362
190	0.23747276688453162	0.2361655773420483	0.23638344226579508	0.2588198105662568	0.31261008275288876	0.4730171396149134	0.45194868070685	0.6935366739288301	0.8533042846768362
191	0.23747276688453162	0.2361655773420483	0.23638344226579508	0.2588198105662568	0.31261008275288876	0.4730171396149134	0.45194868070685	0.6935366739288301	0.8533042846768362
192	0.23747276688453162	0.2361655773420483	0.23638344226579508	0.2588198105662568	0.31261008275288876	0.4730171396149134	0.45194868070685	0.6935366739288301	0.8533042846768362
193	0.23747276688453162	0.2361655773420483	0.23638344226579508	0.2588198105662568	0.31261008275288876	0.4730171396149134	0.45194868070685	0.6935366739288301	0.8533042846768362
194	0.23747276688453162	0.2361655773420483	0.23638344226579508	0.2588198105662568	0.31261008275288876	0.4730171396149134	0.45194868070685	0.6935366739288301	0.8533042846768362
195	0.23747276688453162	0.2361655773420483	0.23638344226579508	0.2588198105662568	0.31261008275288876	0.4730171396149134	0.45194868070685	0.6935366739288301	0.8533042846768362
196	0.23747276688453162	0.2361655773420483	0.23638344226579508	0.2588198105662568	0.31261008275288876	0.4730171396149134	0.45194868070685	0.6935366739288301	0.8533042846768362
197	0.23747276688453162	0.2361655773420483	0.23638344226579508	0.2588198105662568	0.31261008275288876	0.4730171396149134	0.45194868070685	0.6935366739288301	0.8533042846768362
198	0.23747276688453162	0.2361655773420483	0.23638344226579508	0.2588198105662568	0.31261008275288876	0.4730171396149134	0.45194868070685	0.6935366739288301	0.8533042846768362
199	0.23747276688453162	0.2361655773420483	0.23638344226579508	0.2588198105662568	0.31261008275288876	0.4730171396149134	0.45194868070685	0.6935366739288301	0.8533042846768362
200	0.23747276688453162	0.2361655773420483	0.23638344226579508	0.2588198105662568	0.31261008275288876	0.4730171396149134	0.45194868070685	0.6935366739288301	0.8533042846768362
201	0.23747276688453162	0.2361655773420483	0.23638344226579508	0.2588198105662568	0.31261008275288876	0.4730171396149134	0.45194868070685	0.6935366739288301	0.8533042846768362
202	0.23747276688453162	0.2361655773420483	0.23638344226579508	0.2588198105662568	0.31261008275288876	0.4730171396149134	0.45194868070685	0.6935366739288301	0.8533042846768362
203	0.23747276688453162	0.2361655773420483	0.23638344226579508	0.2588198105662568	0.31261008275288876	0.4730171396149134	0.45194868070685	0.6935366739288301	0.8533042846768362
204	0.23747276688453162	0.2361655773420483	0.23638344226579508	0.2588198105662568	0.31261008275288876	0.4730171396149134	0.45194868070685	0.6935366739288301	0.8533042846768362
205	0.23747276688453162	0.2361655773420483	0.23638344226579508	0.2588198105662568	0.31261008275288876	0.4730171396149134	0.45194868070685	0.6935366739288301	0.8533042846768362
206	0.23747276688453162	0.2361655773420483	0.23638344226579508	0.2588198105662568	0.31261008275288876	0.4730171396149134	0.45194868070685	0.6935366739288301	0.8533042846768362
207	0.23747276688453162	0.2361655773420483	0.23638344226579508	0.2588198105662568	0.31261008275288876	0.4730171396149134	0.45194868070685	0.6935366739288301	0.8533042846768362
208	0.23747276688453162	0.2361655773420483	0.23638344226579508	0.2588198105662568	0.31261008275288876	0.4730171396149134	0.45194868070685	0.6935366739288301	0.8533042846768362
209	0.23747276688453162	0.2361655773420483	0.23638344226579508	0.2588198105662568	0.31261008275288876	0.4730171396149134	0.45194868070685	0.6935366739288301	0.8533042846768362
210	0.23747276688453162	0.2361655773420483	0.23638344226579508	0.2588198105662568	0.31261008275288876	0.4730171396149134	0.45194868070685	0.6935366739288301	0.8533042846768362
211	0.23747276688453162	0.2361655773420483	0.23638344226579508	0.2588198105662568	0.31261008275288876	0.4730171396149134	0.45194868070685	0.6935366739288301	0.8533042846768362
212	0.23747276688453162	0.2361655773420483	0.23638344226579508	0.2588198105662568	0.31261008275288876	0.4730171396149134	0.45194868070685	0.6935366739288301	0.8533042846768362
213	0.23747276688453162	0.2361655773420483	0.23638344226579508	0.2588198105662568	0.31261008275288876	0.4730171396149134	0.45194868070685	0.6935366739288301	0.8533042846768362
214	0.23747276688453162	0.2361655773420483	0.23638344226579508	0.2588198105662568	0.31261008275288876	0.4730171396149134	0.45194868070685	0.6935366739288301	0.8533042846768362
215	0.23747276688453162	0.2361655773420483	0.23638344226579508	0.2588198105662568	0.31261008275288876	0.4730171396149134	0.45194868070685	0.6935366739288301	0.8533042846768362
216	0.23747276688453162	0.2361655773420483	0.23638344226579508	0.2588198105662568	0.31261008275288876	0.4730171396149134	0.45194868070685	0.6935366739288301	0.8533042846768362
217	0.23747276688453162	0.2361655773420483	0.23638344226579508	0.2588198105662568	0.31261008275288876	0.4730171396149134	0.45194868070685	0.6935366739288301	0.8533042846768362
218	0.23747276688453162	0.2361655773420483	0.23638344226579508	0.2588198105662568	0.31261008275288876	0.4730171396149134	0.45194868070685	0.6935366739288301	0.8533042846768362
219	0.23747276688453162	0.2361655773420483	0.23638344226579508	0.2588198105662568	0.31261008275288876	0.4730171396149134	0.45194868070685	0.6935366739288301	0.8533042846768362
220	0.23747276688453162	0.2361655773420483	0.23638344226579508	0.2588198105662568	0.31261008275288876	0.4730171396149134	0.45194868070685	0.6935366739288301	0.8533042846768362
221	0.23747276688453162	0.2361655773420483	0.23638344226579508	0.2588198105662568	0.31261008275288876	0.4730171396149134	0.45194868070685	0.6935366739288301	0.8533042846768362
222	0.23747276688453162	0.2361655773420483	0.23638344226579508	0.2588198105662568	0.31261008275288876	0.4730171396149134	0.45194868070685	0.6935366739288301	0.8533042846768362
223	0.23747276688453162	0.2361655773420483	0.23638344226579508	0.2588198105662568	0.31261008275288876	0.4730171396149134	0.45194868070685	0.6935366739288301	0.8533042846768362
224	0.23747276688453162	0.2361655773420483	0.23638344226579508	0.2588198105662568	0.31261008275288876	0.4730171396149134	0.45194868070685	0.6935366739288301	0.8533042846768362
225	0.23747276688453162	0.2361655773420483	0.23638344226579508	0.2588198105662568	0.31261008275288876	0.4730171396149134	0.45194868070685	0.6935366739288301	0.8533042846768362
226	0.23747276688453162	0.2361655773420483	0.23638344226579508	0.2588198105662568	0.31261008275288876	0.4730171396149134	0.45194868070685	0.6935366739288301	0.8533042846768362
227	0.23747276688453162	0.2361655773420483	0.23638344226579508	0.2588198105662568	0.31261008275288876	0.4730171396149134	0.45194868070685	0.6935366739288301	0.8533042846768362
228	0.23747276688453162	0.2361655773420483	0.23638344226579508	0.2588198105662568	0.31261008275288876	0.4730171396149134	0.45194868070685	0.6935366739288301	0.8533042846768362
229	0.23747276688453162	0.2361655773420483	0.23638344226579508	0.2588198105662568	0.31261008275288876	0.4730171396149134	0.45194868070685	0.6935366739288301	0.8533042846768362
230	0.23747276688453162	0.2361655773420483	0.23638344226579508	0.2588198105662568	0.31261008275288876	0.4730171396149134	0.45194868070685	0.6935366739288301	0.8533042846768362
231	0.23747276688453162	0.2361655773420483	0.23638344226579508	0.2588198105662568	0.31261008275288876	0.4730171396149134	0.45194868070685	0.6935366739288301	0.8533042846768362
232	0.23747276688453162	0.2361655773420483	0.23638344226579508	0.2588198105662568	0.31261008275288876	0.4730171396149134	0.45194868070685	0.6935366739288301	0.8533042846768362
233	0.23747276688453162	0.2361655773420483	0.23638344226579508	0.2588198105662568	0.31261008275288876	0.4730171396149134	0.45194868070685	0.6935366739288301	0.8533042846768362
234	0.23747276688453162	0.2361655773420483	0.23638344226579508	0.2588198105662568	0.31261008275288876	0.4730171396149134	0.45194868070685	0.6935366739288301	0.8533042846768362
235	0.23747276688453162	0.2361655773420483	0.23638344226579508	0.2588198105662568	0.31261008275288876	0.4730171396149134	0.45194868070685	0.6935366739288301	0.8533042846768362
236	0.23747276688453162	0.2361655773420483	0.23638344226579508	0.2588198105662568	0.31261008275288876	0.4730171396149134	0.45194868070685	0.6935366739288301	0.8533042846768362
237	0.23747276688453162	0.2361655773420483	0.23638344226579508	0.2588198105662568	0.31261008275288876	0.4730171396149134	0.45194868070685	0.6935366739288301	0.8533042846768362
238	0.23747276688453162	0.2361655773420483	0.23638344226579508	0.2588198105662568	0.31261008275288876	0.4730171396149134	0.45194868070685	0.6935366739288301	0.8533042846768362
239	0.23747276688453162	0.2361655773420483	0.23638344226579508	0.2588198105662568	0.31261008275288876	0.4730171396149134	0.45194868070685	0.6935366739288301	0.8533042846768362
240	0.23747276688453162	0.2361655773420483	0.23638344226579508	0.2588198105662568	0.31261008275288876	0.4730171396149134	0.45194868070685	0.6935366739288301	0.8533042846768362
241	0.23747276688453162	0.2361655773420483	0.23638344226579508	0.2588198105662568	0.31261008275288876	0.4730171396149134	0.45194868070685	0.6935366739288301	0.8533042846768362
242	0.23747276688453162	0.2361655773420483	0.23638344226579508	0.2588198105662568	0.31261008275288876	0.4730171396149134	0.45194868070685	0.6935366739288301	0.8533042846768362
243	0.23747276688453162	0.2361655773420483	0.23638344226579508	0.2588198105662568	0.31261008275288876	0.4730171396149134	0.45194868070685	0.6935366739288301	0.8533042846768362
244	0.23747276688453162	0.2361655773420483	0.23638344226579508	0.2588198105662568	0.31261008275288876	0.4730171396149134	0.45194868070685	0.6935366739288301	0.8533042846768362
245	0.23747276688453162	0.2361655773420483	0.23638344226579508	0.2588198105662568	0.31261008275288876	0.4730171396149134	0.45194868070685	0.6935366739288301	0.8533042846768362
246	0.23747276688453162	0.2361655773420483	0.23638344226579508	0.2588198105662568	0.31261008275288876	0.4730171396149134	0.45194868070685	0.6935366739288301	0.8533042846768362
247	0.23747276688453162	0.2361655773420483	0.23638344226579508	0.2588198105662568	0.31261008275288876	0.4730171396149134	0.45194868070685	0.6935366739288301	0.8533042846768362
248	0.23747276688453162	0.2361655773420483	0.23638344226579508	0.2588198105662568	0.31261008275288876	0.4730171396149134	0.45194868070685	0.6935366739288301	0.8533042846768362
249	0.23747276688453162	0.2361655773420483	0.23638344226579508	0.2588198105662568	0.31261008275288876	0.4730171396149134	0.45194868070685	0.6935366739288301	0.8533042846768362
250	0.23747276688453162	0.2361655773420483	0.23638344226579508	0.2588198105662568	0.31261008275288876	0.4730171396149134	0.45194868070685	0.6935366739288301	0.8533042846768362
251	0.23747276688453162	0.2361655773420483	0.23638344226579508	0.2588198105662568	0.31261008275288876	0.4730171396149134	0.45194868070685	0.6935366739288301	0.8533042846768362
252	0.23747276688453162	0.2361655773420483	0.23638344226579508	0.2588198105662568	0.31261008275288876	0.4730171396149134	0.45194868070685	0.6935366739288301	0.8533042846768362
253	0.23747276688453162	0.2361655773420483	0.23638344226579508	0.2588198105662568	0.31261008275288876	0.4730171396149134	0.45194868070685	0.6935366739288301	0.8533042846768362
254	0.23747276688453162	0.2361655773420483	0.23638344226579508	0.2588198105662568	0.31261008275288876	0.4730171396149134	0.45194868070685	0.6935366739288301	0.8533042846768362
255	0.23747276688453162	0.2361655773420483	0.23638344226579508	0.2588198105662568	0.31261008275288876	0.4730171396149134	0.45194868070685	0.6935366739288301	0.8533042846768362
256	0.23747276688453162	0.2361655773420483	0.23638344226579508	0.2588198105662568	0.31261008275288876	0.4730171396149134	0.45194868070685	0.6935366739288301	0.8533042846768362
257	0.23747276688453162	0.2361655773420483	0.23638344226579508	0.2588198105662568	0.31261008275288876	0.4730171396149134	0.45194868070685	0.6935366739288301	0.8533042846768362
258	0.23747276688453162	0.2361655773420483	0.23638344226579508	0.2588198105662568	0.31261008275288876	0.4730171396149134	0.45194868070685	0.6935366739288301	0.8533042846768362
259	0.23747276688453162	0.2361655773420483	0.23638344226579508	0.2588198105662568	0.31261008275288876	0.4730171396149134	0.45194868070685	0.6935366739288301	0.8533042846768362
260	0.23747276688453162	0.2361655773420483	0.23638344226579508	0.2588198105662568	0.31261008275288876	0.4730171396149134	0.45194868070685	0.6935366739288301	0.8533042846768362
261	0.23747276688453162	0.2361655773420483	0.23638344226579508	0.2588198105662568	0.31261008275288876	0.4730171396149134	0.45194868070685	0.6935366739288301	0.8533042846768362
262	0.23747276688453162	0.2361655773420483	0.23638344226579508	0.2588198105662568	0.31261008275288876	0.4730171396149134	0.45194868070685	0.6935366739288301	0.8533042846768362
263	0.23747276688453162	0.2361655773420483	0.23638344226579508	0.2588198105662568	0.31261008275288876	0.4730171396149134	0.45194868070685	0.6935366739288301	0.8533042846768362
264	0.23747276688453162	0.2361655773420483	0.23638344226579508	0.2588198105662568	0.31261008275288876	0.4730171396149134	0.45194868070685	0.6935366739288301	0.8533042846768362
265	0.23747276688453162	0.2361655773420483	0.23638344226579508	0.2588198105662568	0.31261008275288876	0.4730171396149134	0.45194868070685	0.6935366739288301	0.8533042846768362
266	0.23747276688453162	0.2361655773420483	0.23638344226579508	0.2588198105662568	0.31261008275288876	0.4730171396149134	0.45194868070685	0.6935366739288301	0.8533042846768362
267	0.23747276688453162	0.2361655773420483	0.23638344226579508	0.2588198105662568	0.31261008275288876	0.4730171396149134	0.45194868070685	0.6935366739288301	0.8533042846768362
268	0.23747276688453162	0.2361655773420483	0.23638344226579508	0.2588198105662568	0.31261008275288876	0.4730171396149134	0.45194868070685	0.6935366739288301	0.8533042846768362
269	0.23747276688453162	0.2361655773420483	0.23638344226579508	0.2588198105662568	0.31261008275288876	0.4730171396149134	0.45194868070685	0.6935366739288301	0.8533042846768362
270	0.23747276688453162	0.2361655773420483	0.23638344226579508	0.2588198105662568	0.31261008275288876	0.4730171396149134	0.45194868070685	0.6935366739288301	0.8533042846768362
271	0.23747276688453162	0.2361655773420483	0.23638344226579508	0.2588198105662568	0.31261008275288876	0.4730171396149134	0.45194868070685	0.6935366739288301	0.8533042846768362
272	0.23747276688453162	0.2361655773420483	0.23638344226579508	0.2588198105662568	0.31261008275288876	0.4730171396149134	0.45194868070685	0.6935366739288301	0.8533042846768362
273	0.23747276688453162	0.2361655773420483	0.23638344226579508	0.2588198105662568	0.31261008275288876	0.4730171396149134	0.45194868070685	0.6935366739288301	0.8533042846768362
274	0.23747276688453162	0.2361655773420483	0.23638344226579508	0.2588198105662568	0.31261008275288876	0.4730171396149134	0.45194868070685	0.6935366739288301	0.8533042846768362
275	0.23747276688453162	0.2361655773420483	0.23638344226579508	0.2588198105662568	0.31261008275288876	0.4730171396149134	0.45194868070685	0.6935366739288301	0.8533042846768362
276	0.23747276688453162	0.2361655773420483	0.23638344226579508	0.2588198105662568	0.31261008275288876	0.4730171396149134	0.45194868070685	0.6935366739288301	0.8533042846768362
277	0.23747276688453162	0.2361655773420483	0.23638344226579508	0.2588198105662568	0.31261008275288876	0.4730171396149134	0.45194868070685	0.6935366739288301	0.8533042846768362
278	0.23747276688453162	0.2361655773420483	0.23638344226579508	0.2588198105662568	0.31261008275288876	0.4730171396149134	0.45194868070685	0.6935366739288301	0.8533042846768362
279	0.23747276688453162	0.2361655773420483	0.23638344226579508	0.2588198105662568	0.31261008275288876	0.4730171396149134	0.45194868070685	0.6935366739288301	0.8533042846768362
280	0.23747276688453162	0.2361655773420483	0.23638344226579508	0.2588198105662568	0.31261008275288876	0.4730171396149134	0.45194868070685	0.6935366739288301	0.8533042846768362
281	0.23747276688453162	0.2361655773420483	0.23638344226579508	0.2588198105662568	0.31261008275288876	0.4730171396149134	0.45194868070685	0.6935366739288301	0.8533042846768362
282	0.23747276688453162	0.2361655773420483	0.23638344226579508	0.2588198105662568	0.31261008275288876	0.4730171396149134	0.45194868070685	0.6935366739288301	0.8533042846768362
283	0.23747276688453162	0.2361655773420483	0.23638344226579508	0.2588198105662568	0.31261008275288876	0.4730171396149134	0.45194868070685	0.6935366739288301	0.8533042846768362
284	0.23747276688453162	0.2361655773420483	0.23638344226579508	0.2588198105662568	0.31261008275288876	0.4730171396149134	0.45194868070685	0.6935366739288301	0.8533042846768362
285	0.23747276688453162	0.2361655773420483	0.23638344226579508	0.2588198105662568	0.31261008275288876	0.4730171396149134	0.45194868070685	0.6935366739288301	0.8533042846768362
286	0.23747276688453162	0.2361655773420483	0.23638344226579508	0.2588198105662568	0.31261008275288876	0.4730171396149134	0.45194868070685	0.6935366739288301	0.8533042846768362
287	0.23747276688453162	0.2361655773420483	0.23638344226579508	0.2588198105662568	0.31261008275288876	0.4730171396149134	0.45194868070685	0.6935366739288301	0.8533042846768362
288	0.23747276688453162	0.2361655773420483	0.23638344226579508	0.2588198105662568	0.31261008275288876	0.4730171396149134	0.45194868070685	0.6935366739288301	0.8533042846768362
289	0.23747276688453162	0.2361655773420483	0.23638344226579508	0.2588198105662568	0.31261008275288876	0.4730171396149134	0.45194868070685	0.6935366739288301	0.8533042846768362
290	0.23747276688453162	0.2361655773420483	0.23638344226579508	0.2588198105662568	0.31261008275288876	0.4730171396149134	0.45194868070685	0.6935366739288301	0.8533042846768362
291	0.23747276688453162	0.2361655773420483	0.23638344226579508	0.2588198105662568	0.31261008275288876	0.4730171396149134	0.45194868070685	0.6935366739288301	0.8533042846768362
292	0.23747276688453162	0.2361655773420483	0.23638344226579508	0.2588198105662568	0.31261008275288876	0.4730171396149134	0.45194868070685	0.6935366739288301	0.8533042846768362
293	0.23747276688453162	0.2361655773420483	0.23638344226579508	0.2588198105662568	0.31261008275288876	0.4730171396149134	0.45194868070685	0.6935366739288301	0.8533042846768362
294	0.23747276688453162	0.2361655773420483	0.23638344226579508	0.2588198105662568	0.31261008275288876	0.4730171396149134	0.45194868070685	0.6935366739288301	0.8533042846768362
295	0.23747276688453162	0.2361655773420483	0.23638344226579508	0.2588198105662568	0.31261008275288876	0.4730171396149134	0.45194868070685	0.6935366739288301	0.8533042846768362
296	0.23747276688453162	0.2361655773420483	0.23638344226579508	0.2588198105662568	0.31261008275288876	0.4730171396149134	0.45194868070685	0.6935366739288301	0.8533042846768362
297	0.23747276688453162	0.2361655773420483	0.23638344226579508	0.2588198105662568	0.31261008275288876	0.4730171396149134	0.45194868070685	0.6935366739288301	0.8533042846768362
298	0.23747276688453162	0.2361655773420483	0.23638344226579508	0.2588198105662568	0.31261008275288876	0.4730171396149134	0.45194868070685	0.6935366739288301	0.8533042846768362
299	0.23747276688453162	0.2361655773420483	0.23638344226579508	0.2588198105662568	0.31261008275288876	0.4730171396149134	0.45194868070685	0.6935366739288301	0.8533042846768362
