0	0.3471314451706617	0.3237472766884531	0.28082788671023917	0.40714880287345206	0.4668343232596357	0.6084509863018802	0.4178165093197781	0.5472040668119104	0.6919632050350989
1	0.3471314451706617	0.3241830065359476	0.28082788671023917	0.40663760600414633	0.4668969584003648	0.6069943813480142	0.4180585814572751	0.5482933914306467	0.6923263132413443
2	0.3485838779956435	0.32287581699346396	0.2806100217864919	0.40781671920544066	0.465319071763371	0.6069719864874149	0.41830065359477203	0.5486564996368922	0.6925683853788414
3	0.3493100944081344	0.3233115468409585	0.2806100217864919	0.40888088960302627	0.4663795432212586	0.6075184671126523	0.418542725732269	0.5486564996368922	0.6925683853788414
4	0.35003631082062525	0.32374727668845305	0.2806100217864919	0.40939208647233205	0.46683697284503956	0.6076495560120991	0.4184216896635205	0.5490196078431376	0.6925683853788414
5	0.35003631082062525	0.32287581699346396	0.2806100217864919	0.40976942158138846	0.46630202145015986	0.6079469753786367	0.4189058339385145	0.549382716049383	0.6926894214475899
6	0.3493100944081344	0.3233115468409585	0.28082788671023917	0.4098561754675128	0.4671936196603658	0.6086029036403882	0.4196320503510055	0.549382716049383	0.6928104575163384
7	0.3500363108206253	0.32374727668845305	0.2810457516339865	0.4103673723368186	0.4675503453554054	0.6086617257739336	0.4203582667634964	0.549382716049383	0.6928104575163384
8	0.3507625272331163	0.32374727668845305	0.281481481481481	0.41007908763260403	0.46663470253072237	0.6082593764497788	0.4206003389009934	0.549382716049383	0.692810457516339	09	0.3514887436456072	0.32374727668845305	0.281481481481481	0.4111243390736489	0.46704120173564934	0.6086603542778973	0.4218106995884783	0.5496247881868801	0.6928104575163310	10	0.3536673928830799	0.32418300653594756	0.2816993464052283	0.4130581224930561	0.46778258187005706	0.609173975342309	0.4226579520697178	0.5497458242556286	0.6928104575163384111	0.3522149600580981	0.32418300653594756	0.2816993464052283	0.41230345227494325	0.4679452634146847	0.6093366568869367	0.4233841684822087	0.5497458242556286	0.6928104575163384112	0.352941176470589	0.32374727668845293	0.2816993464052283	0.4128328299230736	0.4676282614824405	0.6092606393244367	0.42362624061970566	0.5501089324618741	0.6928104575163384113	0.352941176470589	0.3241830065359475	0.281481481481481	0.4131896877345879	0.4683141380700504	0.6092574190355874	0.42362624061970566	0.5502299685306226	0.692931493585087
14	0.35221496005809805	0.3241830065359475	0.281481481481481	0.41267849086528213	0.46825517839962566	0.60919027042399	0.42386831275720266	0.550835148874365	0.692931493585087115	0.35221496005809805	0.3241830065359475	0.281481481481481	0.41267849086528213	0.46825517839962566	0.6092039686397748	0.42386831275720266	0.550835148874365	0.692931493585016	16	0.352941176470589	0.32374727668845293	0.2816993464052283	0.4136316572050516	0.4675601615477606	0.6095475889170229	0.4241103848946997	0.551077221011862	0.692931493585087
17	0.35439360929557084	0.3233115468409584	0.2816993464052283	0.41478791270391274	0.46749479306658	0.6097535857914186	0.4245945291696936	0.551077221011862	0.692931493585087
18	0.3551198257080617	0.32374727668845293	0.281481481481481	0.4166577999396288	0.46896144491393654	0.6107406228247217	0.4245945291696937	0.5511982570806104	0.692931493585087119	0.3558460421205527	0.3246187363834421	0.2816993464052283	0.41796774020473887	0.4703375888444988	0.6113050363889856	0.4248366013071906	0.5513192931493589	0.69293149358520	020	0.3558460421205527	0.3246187363834421	0.28191721132897557	0.42054723654524384	0.47271920911048243	0.6138200401259988	0.4250786734446876	0.5519244734931014	0.6930525296521	0.321	0.35657225853304364	0.3254901960784312	0.28191721132897557	0.42119229517479906	0.4739776524470717	0.6138861013850307	0.4255628177196816	0.5526506899055923	0.69305252922	0.35522	0.35802469135802545	0.32461873638344213	0.28191721132897557	0.42221468891341074	0.4729080447162447	0.6139567281685266	0.42580488985717857	0.5532558702493346	0.693052523	0.3565723	0.3587509077705163	0.3241830065359476	0.2821350762527228	0.42337094441227185	0.4731218483531355	0.6144588285331696	0.42616799806342404	0.5538610505930771	0.693173524	0.3580224	0.35947712418300726	0.32461873638344213	0.28191721132897557	0.4238821412815777	0.47363489691305877	0.6144417650991142	0.4271362866134119	0.5542241587993226	0.693294625	0.3587525	0.35947712418300726	0.32461873638344213	0.28191721132897557	0.42401600304182707	0.4737687586733082	0.6146074078323529	0.42737835875090885	0.5548293391430651	0.69326	0.3587509026	0.35947712418300726	0.32461873638344213	0.28191721132897557	0.4242426880810681	0.4740119783056507	0.6148401993543071	0.42762043088840584	0.5548293391430651	0.693427	0.359477127	0.3609295570079891	0.3241830065359476	0.2821350762527228	0.42577627868898565	0.4739387956628045	0.6153915773264702	0.4274993948196573	0.5560396998305499	0.693415628	0.359428	0.36165577342048	0.3241830065359476	0.2821350762527228	0.42633384525470047	0.47436835110025033	0.6154118449963846	0.4279835390946512	0.5570079883805378	0.69341563786029	029	0.36165577342048	0.3241830065359476	0.2821350762527228	0.42633384525470047	0.4743683511002504	0.6154648630895636	0.4282256112321482	0.5572500605180348	0.693415637860081
30	0.3609295570079891	0.3241830065359476	0.2821350762527228	0.4250437279955899	0.4745025829519467	0.6156670555951298	0.42858871943839366	0.5576131687242802	0.693415637860081
31	0.3580246913580255	0.3237472766884531	0.2821350762527228	0.42264142841530977	0.47396029543863333	0.6155901731671105	0.42919389978213607	0.5578552408617772	0.693415637860032	32	0.3572984749455346	0.3237472766884531	0.2821350762527228	0.4221073738435706	0.4739492450334502	0.6155271404607537	0.4290728637133876	0.5582183490680227	0.69341563786033	033	0.3572984749455346	0.3237472766884531	0.28235294117647014	0.420996833749576	0.4723188545170908	0.614775753106584	0.4290728637133876	0.5595497458242561	0.69341563786034	034	0.3572984749455346	0.3237472766884531	0.28235294117647014	0.42005889737837115	0.47135175744898544	0.6138476546750433	0.43016218833212405	0.5601549261679986	0.693415637835	0.335	0.35729847494553457	0.3241830065359476	0.2821350762527228	0.4199919664982465	0.4723051991748884	0.6142665305668975	0.4307673686758665	0.5603969983054955	0.69341563786036	036	0.3565722585330437	0.3237472766884531	0.2821350762527228	0.41957055821149863	0.4723006866720767	0.6144518648100131	0.43113047688211203	0.5606390704429924	0.693415637837	0.337	0.3580246913580255	0.3237472766884531	0.2821350762527228	0.4205982831652615	0.4723030028139239	0.6143552678567512	0.43185669329460297	0.5612442507867349	0.693415637838	0.338	0.35729847494553457	0.3233115468409584	0.2821350762527228	0.4203823444424965	0.47216052743717923	0.6146600031110826	0.432582909707094	0.5617283950617289	0.69341563739	0.3539	0.3558460421205527	0.32418300653594756	0.28191721132897557	0.41933709300145156	0.4729624622463013	0.614714992553279	0.4328249818445909	0.5624546114742198	0.6934156378640	0.40	0.35511982570806183	0.32461873638344213	0.2821350762527228	0.41798307955865	0.4722499301576591	0.6140673794640891	0.43451948680706975	0.5636649721617047	0.693657709997541	041	0.3551198257080619	0.32418300653594756	0.2821350762527228	0.4180530451352084	0.47201905320958887	0.6140937592947535	0.4351246671508121	0.5642701525054472	0.6936577099975742	42	0.3543936092955709	0.32374727668845305	0.2821350762527228	0.41892339633474607	0.47272236922322264	0.6151846453910125	0.43621399176954856	0.5647542967804411	0.69377874606643	0.43	0.35584604212055276	0.32418300653594756	0.28191721132897557	0.42003787517463326	0.47384382773238365	0.61547601814583	0.4362139917695486	0.5662067296054231	0.6937787460644	0.344	0.3572984749455345	0.32418300653594756	0.2816993464052283	0.42174103480890685	0.47464833309201593	0.6160621907901866	0.4382716049382729	0.5666908738804171	0.693778745	0.3572945	0.3580246913580254	0.3246187363834421	0.2816993464052283	0.42256632489512047	0.4758531391122914	0.6165413969928059	0.43911885741951234	0.5679012345679019	0.69377846	0.35657246	0.3580246913580254	0.3246187363834421	0.2816993464052283	0.421898408563132	0.47567651472975153	0.6159377057359913	0.4394819656257578	0.5685064149116443	0.6937787447	0.355147	0.3594771241830072	0.32461873638344213	0.2816993464052283	0.4235469419747583	0.4760503191379374	0.6163917517195618	0.43960300169450633	0.5691115952553868	0.69377874648	0.35548	0.3580246913580254	0.3246187363834421	0.281481481481481	0.42163298156135076	0.47645954200186447	0.616272034741685	0.4399661099007518	0.5705640280803687	0.6938997821349	0.349	0.35875090777051627	0.3246187363834421	0.281481481481481	0.42292309882046114	0.47621908836166604	0.6160024954812864	0.44057129024449426	0.5708061002178656	0.6938997821350	0.350	0.3565722585330436	0.3254901960784312	0.281481481481481	0.42165116234017513	0.47755173072891394	0.6161608767838967	0.4416606148632306	0.5715323166303565	0.693899782135051	051	0.3572984749455344	0.32636165577342025	0.281481481481481	0.4224025481039378	0.47871633421499993	0.6163780298810478	0.4426289034132185	0.5726216412490928	0.6938997821350745252	0.3580246913580253	0.32636165577342025	0.281481481481481	0.42429529304208724	0.4796277875677456	0.6171820786744167	0.4426289034132184	0.5733478576615837	0.6938997821350749
53	0.35729847494553435	0.3263616557734203	0.281481481481481	0.42233561722381313	0.47878078111628186	0.6162691228957828	0.44347615589445777	0.5737109658678291	0.6938997821350749
54	0.3565722585330434	0.3254901960784312	0.281481481481481	0.4212714468262276	0.47758320986008623	0.6156771650693229	0.4439603001694517	0.5733478576615837	0.6940208182038233
55	0.3558460421205525	0.3250544662309366	0.281481481481481	0.42142283507375905	0.47754701615872297	0.6160796995300538	0.44565480513193056	0.5738320019365776	0.6940208182038233
56	0.3572984749455344	0.3250544662309366	0.281481481481481	0.42264602145274477	0.4773796721839836	0.6158737723267329	0.44565480513193056	0.5748002904865653	0.6940208182038233
57	0.35584604212055243	0.3259259259259257	0.281481481481481	0.4217574894743825	0.4784458647768704	0.6159369532484784	0.4465020576131701	0.5766158315177926	0.6940208182038233
58	0.35729847494553435	0.3241830065359474	0.281481481481481	0.4229366026756769	0.47667339735330555	0.6158556378110489	0.44674412975066696	0.5774630839990318	0.6940208182038233
59	0.35729847494553435	0.32418300653594745	0.281481481481481	0.42321294186567704	0.47630988023125004	0.6160498814435099	0.4474703461631578	0.5784313725490199	0.6940208182038233
60	0.35729847494553435	0.32461873638344196	0.281481481481481	0.4239249313753571	0.4767568054765484	0.6162890011837017	0.44831759864439724	0.5789155168240138	0.6940208182038233
61	0.35729847494553435	0.32461873638344196	0.281481481481481	0.42508348339293567	0.47807473455355937	0.6175640378775126	0.44868070685064276	0.5796417332365047	0.6940208182038233
62	0.35729847494553435	0.32374727668845277	0.281481481481481	0.4254750605349241	0.47771650042610403	0.6179662546101059	0.44855967078189424	0.5801258775114987	0.6940208182038233
63	0.35657225853304336	0.3241830065359473	0.281481481481481	0.4242518741559382	0.4779931829464775	0.6176831659503058	0.44916485112563664	0.5804889857177442	0.6940208182038233
64	0.35729847494553435	0.3246187363834419	0.281481481481481	0.42606016172668076	0.47986788994084334	0.6188032360212498	0.4500121036068761	0.5814572742677321	0.6940208182038233
65	0.35729847494553435	0.3246187363834419	0.281481481481481	0.4256334222247818	0.4794535737104755	0.618465407575865	0.4500121036068761	0.5813362381989836	0.6940208182038233
66	0.35729847494553435	0.3246187363834419	0.281481481481481	0.4248522053162596	0.47846985731451747	0.6174580114828236	0.4502541757443731	0.5813362381989836	0.6940208182038233
67	0.35729847494553424	0.3250544662309364	0.281481481481481	0.4242435082443535	0.4783781117842028	0.6169782126868499	0.4508593560881155	0.582909707092714	0.6940208182038233
68	0.35875090777051616	0.3250544662309364	0.281481481481481	0.4259954179799272	0.47865354863104076	0.6173293422730465	0.45267489711934283	0.5832728152989594	0.6940208182038233
69	0.3609295570079889	0.3250544662309364	0.281481481481481	0.4273951468275953	0.4787826676939936	0.6174946630191587	0.45328007746308535	0.5833938513677078	0.6940208182038233
70	0.3609295570079889	0.325490196078431	0.281481481481481	0.42750549659386894	0.4791752467505972	0.6176216303298504	0.45328007746308535	0.5848462841926897	0.6940208182038233
71	0.36020334059549797	0.3259259259259256	0.281481481481481	0.4278646509241008	0.480428052290991	0.6183925933392228	0.45461147421931875	0.5852093923989352	0.6941418542725719
72	0.36020334059549797	0.3259259259259256	0.2816993464052283	0.42803955116560805	0.48044893475332145	0.6184126049297413	0.45461147421931875	0.5852093923989352	0.6941418542725719
73	0.36238198983297076	0.32679738562091465	0.2816993464052283	0.4294217535259941	0.4815751970448471	0.6184883121597669	0.45485354635681574	0.5858145727426777	0.6941418542725719
74	0.3616557734204798	0.32636165577342013	0.2816993464052283	0.42735345405479497	0.47960237415499635	0.6172814601295711	0.4555797627693066	0.5862987170176714	0.6941418542725719
75	0.3609295570079889	0.32723311546840916	0.2816993464052283	0.4269761189457386	0.48014536250812906	0.6173446318704168	0.456184943113049	0.5872670055676594	0.6941418542725719
76	0.36020334059549797	0.32679738562091465	0.28191721132897557	0.426286987138492	0.4798456752106194	0.6173101167931825	0.45775841200677925	0.5879932219801504	0.6941418542725719
77	0.35947712418300704	0.32592592592592556	0.2821350762527228	0.42577579026918616	0.4782681889665719	0.6171629047272493	0.4586056644880187	0.5885984023238927	0.6941418542725719
78	0.35947712418300704	0.325490196078431	0.28235294117647014	0.42577579026918616	0.47725347985270433	0.6170014707116591	0.4593318809005097	0.5892035826676353	0.6941418542725719
79	0.3580246913580252	0.325490196078431	0.2821350762527229	0.42488725829082385	0.4772771030496135	0.6169253722859674	0.46005809731300057	0.5898087630113776	0.6942628903413204
80	0.3580246913580252	0.32374727668845277	0.2821350762527229	0.4241682953388177	0.4748867562037799	0.6160365388357543	0.46078431372549156	0.5907770515613656	0.6942628903413204
81	0.35875090777051616	0.3233115468409582	0.2821350762527229	0.42409603324354184	0.47392585411102134	0.6156408441646082	0.46151053013798243	0.5910191236988624	0.6942628903413204
82	0.35802469135802517	0.3233115468409582	0.2821350762527229	0.4234744866079622	0.47380134980278305	0.615526767966758	0.46247881868797036	0.591382231905108	0.6942628903413204
83	0.35729847494553424	0.3228758169934637	0.2821350762527229	0.4220024956650183	0.4721894139191108	0.6143754681350636	0.46308399903171277	0.5925925925925929	0.6942628903413204
84	0.35729847494553424	0.32156862745098	0.2821350762527229	0.42251369253432414	0.4709178186480421	0.6144979149010165	0.46332607116920976	0.5931977729363352	0.6942628903413204
85	0.35729847494553424	0.32156862745098	0.2821350762527229	0.42251369253432414	0.47088070233898593	0.6144490185525773	0.46332607116920976	0.5934398450738322	0.6942628903413204
86	0.35802469135802517	0.32156862745098	0.2821350762527229	0.4232713974488706	0.4707352451082029	0.6143035613217943	0.4635681433067068	0.5934398450738322	0.6942628903413204
87	0.3602033405954979	0.32113289760348546	0.2821350762527229	0.42444583372655625	0.46989976106871345	0.6138611738840888	0.46368917937545534	0.5939239893488261	0.6943839264100689
88	0.3616557734204798	0.3202614379084964	0.2821350762527229	0.4259870520683424	0.46909996113448127	0.6144554625010719	0.4642943597191978	0.5954974582425564	0.6943839264100689
89	0.3616557734204798	0.3202614379084964	0.2821350762527229	0.42578461720079325	0.4690021512658815	0.6143136738894007	0.46550472040668256	0.5958605664488019	0.6943839264100689
90	0.3616557734204798	0.3198257080610019	0.2821350762527229	0.4260364564611851	0.4688465584558523	0.6144601540893444	0.4662309368191735	0.5959816025175503	0.6943839264100689
91	0.3602033405954979	0.31982570806100197	0.2821350762527229	0.42443593497314286	0.4684313539155026	0.6142711617986476	0.46732026143790983	0.5965867828612927	0.6943839264100689
92	0.3587509077705161	0.3185185185185183	0.2821350762527229	0.422725801896543	0.4665815165660133	0.6137643551454155	0.4673202614379098	0.5968288549987897	0.6943839264100689
93	0.3587509077705161	0.3185185185185183	0.2821350762527229	0.42248159037001987	0.4665190374783305	0.6135324001681689	0.46719922536916136	0.5974340353425321	0.6943839264100689
94	0.35802469135802517	0.3185185185185183	0.2821350762527229	0.42145919663140813	0.4660820223590872	0.6130859325381827	0.4676833696441552	0.5973129992737837	0.6943839264100689
95	0.35802469135802517	0.3185185185185183	0.2821350762527229	0.4208810688819775	0.46640436230531424	0.6129832027642954	0.46877269426289153	0.597918179617526	0.6943839264100689
96	0.35657225853304325	0.3189542483660128	0.2821350762527229	0.41934912050123513	0.4664734375155974	0.6127890725220744	0.46925683853788547	0.599128540305011	0.6945049624788174
97	0.35657225853304325	0.3189542483660128	0.28235294117647014	0.41972949030672524	0.466460460181534	0.6129201438018395	0.46949891067538246	0.5993706124425078	0.6945049624788174
98	0.3572984749455342	0.31851851851851826	0.28235294117647014	0.4206651301592126	0.46593717620273106	0.6131646785872202	0.46865165819414306	0.5997337206487533	0.6945049624788174
99	0.3572984749455342	0.31764705882352917	0.28235294117647014	0.4206651301592126	0.46440556083491635	0.6131699671088514	0.46949891067538246	0.6002178649237473	0.6945049624788174
100	0.35657225853304325	0.31721132897603466	0.28235294117647014	0.4198633520669746	0.46377588984927715	0.612901698537337	0.4698620188816279	0.6004599370612442	0.6945049624788174
101	0.35875090777051605	0.31721132897603466	0.2821350762527228	0.4218570929241804	0.4643526423651229	0.6133972799124723	0.47010409101912487	0.6008230452674898	0.6945049624788174
102	0.35875090777051605	0.31764705882352917	0.2821350762527228	0.4216640119038486	0.46470939765575264	0.613403549421139	0.47034616315662187	0.6010651174049866	0.6945049624788174
103	0.35875090777051605	0.3176470588235292	0.2821350762527228	0.42064227245677926	0.46306923571413494	0.6122437314534086	0.47058823529411875	0.6009440813362381	0.6945049624788174
104	0.359477124183007	0.3176470588235292	0.2821350762527228	0.42021618724642273	0.4626813054788157	0.6118400637469507	0.4711934156378611	0.6010651174049865	0.6945049624788174
105	0.359477124183007	0.31677559912854014	0.2821350762527228	0.42071149985562156	0.4614909849410231	0.6121407370829041	0.4713144517066096	0.6016702977487289	0.6945049624788174
106	0.36020334059549786	0.3163398692810455	0.2821350762527228	0.42118165824366965	0.46107072531469795	0.6120412508730042	0.4715565238441067	0.6017913338174775	0.6945049624788174
107	0.3602033405954979	0.3163398692810455	0.2821350762527228	0.4204468110315564	0.4608971468555387	0.6118575013617185	0.4725248123940946	0.6025175502299683	0.6945049624788174
108	0.3602033405954979	0.3163398692810455	0.2821350762527228	0.42044681103155634	0.46081741026958956	0.6117812551887497	0.47264584846284313	0.6027596223674653	0.6945049624788174
109	0.359477124183007	0.3163398692810455	0.28235294117647014	0.4207138802605128	0.4614261243784405	0.6124932905145801	0.47288792060034013	0.6027596223674653	0.6945049624788174
110	0.359477124183007	0.3163398692810455	0.2825708061002174	0.4207138802605128	0.46147092950690066	0.612487254857514	0.47325102880658554	0.6027596223674653	0.6945049624788174
111	0.35947712418300704	0.3154684095860564	0.2825708061002174	0.42095735360931985	0.4608071573986283	0.6124580257495793	0.47385620915032806	0.6030016945049623	0.6945049624788174
112	0.3587509077705161	0.3154684095860564	0.2825708061002174	0.4199121021682749	0.4603048359145381	0.6119286390374462	0.4736141370128311	0.6030016945049623	0.6945049624788174
113	0.3580246913580252	0.31633986928104546	0.2825708061002174	0.41984582557969263	0.46143579686320213	0.6123695166958816	0.47385620915032817	0.6030016945049623	0.6945049624788174
114	0.35729847494553424	0.31546840958605643	0.2825708061002174	0.4192007669501374	0.4603020106421531	0.6122222472678687	0.4743403534253221	0.6040910191236987	0.6945049624788174
115	0.3565722585330433	0.3150326797385619	0.28235294117647014	0.41902586670863023	0.45975498064208437	0.6124443586502981	0.4745824255628191	0.6042120551924474	0.6945049624788174
116	0.3551198257080615	0.3150326797385619	0.28235294117647014	0.41800347297001855	0.4596580340646149	0.6123624919929991	0.47446138949407063	0.6044541273299442	0.6945049624788174
117	0.3558460421205524	0.3150326797385619	0.28257080610021745	0.4185146698393244	0.45973380021325055	0.6125967552162442	0.47494553376906457	0.6044541273299442	0.6945049624788174
118	0.35511982570806144	0.3150326797385619	0.28257080610021745	0.41813733473026793	0.4597715859940191	0.6126113913225834	0.47518760590656145	0.6048172355361897	0.6945049624788174
119	0.35511982570806144	0.3150326797385619	0.28257080610021745	0.41800347297001855	0.45971843451046984	0.6125582398390341	0.47555071411280697	0.6045751633986927	0.6945049624788174
120	0.3558460421205524	0.31546840958605643	0.28257080610021745	0.4190927975887549	0.46032352306007174	0.6127356120710191	0.47615589445654943	0.6049382716049382	0.6945049624788174
121	0.3558460421205524	0.3150326797385619	0.28257080610021745	0.4189178973472477	0.459819604042469	0.6125163790947806	0.4761558944565493	0.6050593076736867	0.6946259985475659
122	0.3558460421205524	0.3150326797385619	0.2823529411764702	0.4190746168099304	0.4600193087467835	0.6125555810134268	0.47651900266279484	0.6056644880174291	0.6946259985475659
123	0.35511982570806144	0.3150326797385619	0.2823529411764702	0.4184067004779419	0.45992670422867865	0.6124447078972289	0.4761558944565493	0.6057855240861776	0.6946259985475659
124	0.35511982570806144	0.31546840958605643	0.2823529411764702	0.4184067004779419	0.4603222201165596	0.612452653702485	0.4768821108690402	0.6055434519486806	0.6946259985475659
125	0.35511982570806144	0.31546840958605643	0.2823529411764702	0.4184067004779419	0.4602865841583993	0.6124328976633662	0.4770031469377887	0.6059065601549262	0.6946259985475659
126	0.3543936092955705	0.31546840958605643	0.2823529411764702	0.41789550360863603	0.46020297843917385	0.6124170666879637	0.47712418300653725	0.6065117404986685	0.6947470346163144
127	0.35511982570806144	0.31546840958605643	0.2823529411764702	0.41882581224597226	0.4606325186255899	0.6128518496381735	0.47736625514403425	0.6065117404986685	0.6947470346163144
128	0.3543936092955705	0.31546840958605643	0.2823529411764702	0.418607493118316	0.4610159138129486	0.6132591031774313	0.47772936335027966	0.6067538126361655	0.6947470346163144
129	0.35366739288307963	0.31546840958605643	0.2823529411764702	0.4179395767863275	0.46088603714224397	0.6130819711539383	0.4778503994190281	0.6067538126361655	0.6947470346163144
130	0.35366739288307963	0.31546840958605643	0.2823529411764702	0.41845077365563327	0.4612926090126004	0.6135301977072648	0.4779714354877766	0.606632776567417	0.6947470346163144
131	0.35294117647058865	0.31590413943355095	0.2823529411764702	0.4177828573236448	0.46148585433657036	0.613447620368258	0.4784555797627705	0.6067538126361655	0.6947470346163144
132	0.35366739288307963	0.31590413943355095	0.2823529411764702	0.41800880418516967	0.4612518281910859	0.6131765099221115	0.4784555797627705	0.6069958847736624	0.6947470346163144
133	0.35366739288307963	0.31590413943355095	0.2823529411764702	0.41800880418516967	0.4613103693889144	0.61323505111994	0.478334543694022	0.6069958847736624	0.6947470346163144
134	0.3522149600580977	0.31590413943355095	0.2823529411764702	0.416986410446558	0.4611882696736532	0.613117554500559	0.4789397240377645	0.6069958847736624	0.6947470346163144
135	0.35148874364560684	0.31590413943355095	0.2823529411764702	0.416274420936878	0.46131909673746885	0.6132249954794976	0.47930283224401	0.6077221011861533	0.6947470346163144
136	0.3522149600580977	0.31590413943355095	0.2823529411764702	0.4164311403995608	0.461027635233169	0.6130028592799828	0.47930283224401	0.6082062454611472	0.6947470346163144
137	0.35294117647058865	0.31590413943355095	0.2823529411764702	0.4175204650182971	0.46117866669706137	0.613134608158172	0.47930283224401	0.6080852093923987	0.6947470346163144
138	0.35294117647058865	0.3163398692810455	0.2823529411764702	0.4181063043877701	0.46203390268562194	0.6136868895072757	0.47966594045025546	0.6085693536673927	0.6947470346163144
139	0.35294117647058865	0.31590413943355095	0.2823529411764702	0.4182401661480195	0.46183874566977595	0.6137764185327936	0.4800290486565009	0.6089324618736381	0.6947470346163144
140	0.35366739288307963	0.31590413943355095	0.2823529411764702	0.4190366130251063	0.4621829553479816	0.6141444974789104	0.47954490438150693	0.609658678286129	0.6947470346163144
141	0.35294117647058865	0.31590413943355095	0.2823529411764702	0.4187003163973077	0.46226162376646435	0.614173331793309	0.479544904381507	0.609658678286129	0.6947470346163144
142	0.3522149600580977	0.31590413943355095	0.2823529411764702	0.4176550649562628	0.46174687901084294	0.6136585870376876	0.47942386831275846	0.609658678286129	0.6947470346163144
143	0.3529411764705886	0.31590413943355095	0.2823529411764702	0.41845684304850067	0.4619362289801411	0.6139069723991571	0.4796659404502555	0.609658678286129	0.6947470346163144
144	0.35221496005809766	0.3145969498910673	0.2823529411764702	0.41823622740212696	0.46111452111292933	0.6138865152549943	0.47930283224401	0.6102638586298714	0.6947470346163144
145	0.35221496005809766	0.3141612200435728	0.2823529411764702	0.41785889229307055	0.4605235793038186	0.6135283990343475	0.47930283224401	0.6102638586298714	0.6947470346163144
146	0.35221496005809766	0.3141612200435728	0.2823529411764702	0.41785889229307055	0.4605235793038186	0.6135283990343475	0.4794238683127585	0.6102638586298714	0.6947470346163144
147	0.3522149600580977	0.3141612200435728	0.2823529411764702	0.41785889229307055	0.4605313151119468	0.6135254341544351	0.4802711207939979	0.6102638586298714	0.6947470346163144
148	0.3514887436456068	0.3141612200435728	0.2823529411764702	0.4175911687725717	0.4606972404852792	0.6137017876381555	0.480271120793998	0.610142822561123	0.6947470346163144
149	0.35221496005809766	0.3141612200435728	0.2823529411764702	0.4182362274021269	0.46090197809849337	0.6138954160501829	0.48051319293149497	0.6103848946986199	0.6947470346163144
150	0.35221496005809766	0.3141612200435728	0.2823529411764702	0.41785889229307044	0.46068747241713487	0.6137103055610231	0.4811183732752375	0.6102638586298714	0.6947470346163144
151	0.3514887436456068	0.3141612200435728	0.2823529411764702	0.41772503053282106	0.46099393167322655	0.6139669307130304	0.48160251755023137	0.6105059307673685	0.6947470346163144
152	0.3514887436456068	0.3141612200435728	0.2823529411764702	0.41759116877257163	0.46090487504143723	0.6139012601661185	0.4823287339627222	0.6105059307673685	0.6947470346163144
153	0.3514887436456068	0.3141612200435728	0.2823529411764702	0.41759116877257163	0.46087249318450835	0.6138902130572627	0.4823287339627222	0.61038489469862	0.6946259985475659
154	0.3514887436456068	0.3141612200435728	0.28257080610021745	0.4172777298472063	0.46055905425914295	0.6137779576820339	0.48257080610021913	0.61038489469862	0.6946259985475659
155	0.3514887436456068	0.3145969498910673	0.28257080610021745	0.4173005875496396	0.4609494486217292	0.6136890284359575	0.4831759864439616	0.6111111111111107	0.6946259985475659
156	0.3514887436456068	0.3145969498910673	0.28257080610021745	0.4171667257893902	0.4608741280593083	0.6136259847572271	0.4834180585814586	0.6112321471798593	0.6946259985475659
157	0.350036310820625	0.3145969498910673	0.28257080610021745	0.41614433205077844	0.4607893004966468	0.6135353230675575	0.48317598644396154	0.6114742193173562	0.6946259985475659
158	0.3507625272331159	0.3145969498910673	0.28257080610021745	0.4166783866225175	0.4607257439739938	0.6134566866247341	0.48317598644396154	0.6112321471798593	0.6946259985475659
159	0.3507625272331159	0.31372549019607826	0.28257080610021745	0.4166783866225175	0.4600443782440381	0.6133721547040072	0.48317598644396154	0.6111111111111107	0.6946259985475659
160	0.3514887436456068	0.31372549019607826	0.28257080610021745	0.4168532868640248	0.4598274803528975	0.6131876196039207	0.48317598644396154	0.6111111111111107	0.6946259985475659
161	0.3522149600580977	0.3141612200435728	0.28257080610021745	0.41836401976950904	0.4603227886046522	0.6134197224031711	0.4841442749939494	0.6113531832486078	0.6946259985475659
162	0.3522149600580977	0.3141612200435728	0.28257080610021745	0.41836401976950904	0.46026424740682365	0.6133611812053427	0.4841442749939494	0.6115952553861047	0.6946259985475659
163	0.35294117647058865	0.31372549019607826	0.28257080610021745	0.4183411620670758	0.45925191621506534	0.6128314989683036	0.48402323892520094	0.6118373275236018	0.6946259985475659
164	0.3522149600580977	0.31372549019607826	0.28257080610021745	0.4183411620670758	0.459689383374123	0.613268966127361	0.48366013071895547	0.6122004357298472	0.6945049624788174
165	0.35148874364560684	0.31372549019607826	0.28257080610021745	0.41780710749533667	0.45968583548780745	0.6132155841369613	0.483539094650207	0.6122004357298472	0.6945049624788174
166	0.35148874364560684	0.31372549019607826	0.28257080610021745	0.4179409692555861	0.45978258093900076	0.613287736044894	0.483539094650207	0.612442507867344	0.6945049624788174
167	0.35076252723311596	0.31372549019607826	0.28257080610021745	0.4172959106260308	0.4596149596348427	0.6131383833388289	0.48341805858145853	0.612442507867344	0.6945049624788174
168	0.35076252723311596	0.31372549019607826	0.28257080610021745	0.4172959106260308	0.4596149596348427	0.6131078276978056	0.48341805858145853	0.612442507867344	0.6945049624788174
169	0.35076252723311596	0.31372549019607826	0.2827886710239648	0.41767324573508724	0.4596454529736042	0.6133841710177194	0.483539094650207	0.6123214717985955	0.6945049624788174
170	0.35076252723311596	0.31372549019607826	0.2827886710239648	0.41687146764284927	0.4588436748813662	0.6126129485665048	0.483539094650207	0.6123214717985955	0.6945049624788174
171	0.3514887436456069	0.31372549019607826	0.2827886710239648	0.41738266451215505	0.4589026345517909	0.6126719082369295	0.483539094650207	0.612684580004841	0.6945049624788174
172	0.3522149600580978	0.31372549019607826	0.2827886710239648	0.41847198913089145	0.45909093816828306	0.6128103777493373	0.483539094650207	0.6130476882110865	0.6945049624788174
173	0.3522149600580978	0.3132897603485837	0.2827886710239648	0.41884932423994786	0.4589515026612844	0.6131467754380209	0.483539094650207	0.6132897603485835	0.6945049624788174
174	0.35294117647058876	0.3132897603485837	0.2827886710239648	0.4193605211092537	0.45902237851424926	0.6131937820230746	0.483539094650207	0.6135318324860805	0.6945049624788174
175	0.3522149600580977	0.3128540305010892	0.2827886710239648	0.4184719891308915	0.45827961267656225	0.6127833660170433	0.4829339143064646	0.6136528685548289	0.6945049624788174
176	0.3522149600580977	0.3128540305010892	0.2827886710239648	0.4188493242399479	0.4586569477856186	0.6131607011260998	0.4829339143064646	0.6136528685548289	0.6945049624788174
177	0.3522149600580977	0.3128540305010892	0.2827886710239648	0.4189831860001973	0.45869988649111065	0.6132036398315917	0.4829339143064646	0.6136528685548289	0.6945049624788174
178	0.3522149600580977	0.3124183006535946	0.2827886710239648	0.4191856208677465	0.4579960643629299	0.6132564139799423	0.4829339143064646	0.6140159767610742	0.6945049624788174
179	0.3522149600580977	0.3124183006535946	0.2827886710239648	0.4186926047772652	0.45740757169110025	0.6126445352232356	0.4829339143064646	0.6140159767610742	0.6945049624788174
180	0.3522149600580977	0.3124183006535946	0.2827886710239648	0.4181814079079594	0.4569334911308505	0.6121950482062466	0.4826918421689676	0.6140159767610742	0.6945049624788174
181	0.3522149600580977	0.3119825708061001	0.2827886710239648	0.4174206682969792	0.45593191337369887	0.6114802504679834	0.4826918421689676	0.6138949406923258	0.6945049624788174
182	0.3522149600580977	0.3115468409586055	0.2827886710239648	0.4177317268174533	0.45595712205209815	0.611778181003824	0.4824497700314707	0.6141370128298228	0.6945049624788174
183	0.35148874364560684	0.3115468409586055	0.2830065359477121	0.4172205299481475	0.4559058981898016	0.6123622493817735	0.4829339143064646	0.6140159767610742	0.6945049624788174
184	0.35221496005809777	0.3115468409586055	0.2830065359477121	0.41759786505720387	0.45589194477411316	0.6123587240764733	0.4826918421689677	0.6142580488985713	0.6945049624788174
185	0.35221496005809777	0.3119825708061001	0.28322440087145934	0.41704095278303144	0.455746170427034	0.6121232791526816	0.4826918421689677	0.6142580488985713	0.6945049624788174
186	0.35221496005809777	0.3119825708061001	0.28322440087145934	0.41704095278303144	0.455746170427034	0.6121232791526816	0.4830549503752131	0.6145001210360683	0.6945049624788174
187	0.35294117647058876	0.3119825708061001	0.28322440087145934	0.4175521496523373	0.45574476901280203	0.6121218777384495	0.4831759864439616	0.6145001210360683	0.6945049624788174
188	0.35366739288307975	0.3119825708061001	0.28322440087145934	0.4180633465216431	0.45579599287509853	0.6121675802239376	0.4831759864439616	0.6146211571048168	0.6945049624788174
189	0.3529411764705888	0.3119825708061001	0.28322440087145934	0.4175521496523373	0.45567511500327323	0.6120233162672353	0.4829339143064646	0.6146211571048168	0.6945049624788174
190	0.3529411764705888	0.31154684095860546	0.28322440087145934	0.4178373996601183	0.4551175484375585	0.6122418002180956	0.4831759864439616	0.6149842653110622	0.6945049624788174
191	0.3529411764705888	0.31154684095860546	0.2830065359477121	0.4178373996601183	0.4553476032418136	0.6122918537670178	0.48281287823771607	0.6148632292423137	0.6946259985475659
192	0.3529411764705888	0.31154684095860546	0.2830065359477121	0.41770353789986886	0.45525085779062036	0.6122055364262128	0.48281287823771607	0.6149842653110622	0.6946259985475659
193	0.3529411764705888	0.31154684095860546	0.2830065359477121	0.417192341030563	0.4547396609213145	0.6116943395569069	0.48281287823771607	0.6149842653110622	0.6946259985475659
194	0.3529411764705888	0.31154684095860546	0.2830065359477121	0.4168150059215066	0.45436232581225805	0.6113170044478504	0.48281287823771607	0.6149842653110622	0.6946259985475659
195	0.3529411764705888	0.31154684095860546	0.2830065359477121	0.4168150059215066	0.45436232581225805	0.6113170044478504	0.48281287823771607	0.6149842653110622	0.6946259985475659
196	0.3529411764705888	0.31154684095860546	0.2830065359477121	0.4168150059215066	0.45436232581225805	0.6113170044478504	0.4829339143064646	0.6149842653110622	0.6946259985475659
197	0.3529411764705888	0.31154684095860546	0.2830065359477121	0.4164376708124502	0.45404843112543586	0.6110031097610282	0.4829339143064646	0.6148632292423137	0.6946259985475659
198	0.3529411764705888	0.31154684095860546	0.2830065359477121	0.4164376708124502	0.45401115897283606	0.6109658376084285	0.4831759864439616	0.6149842653110622	0.6946259985475659
199	0.35366739288307975	0.31154684095860546	0.2830065359477121	0.417280487385946	0.4542786637324482	0.6112333423680406	0.4836601307189555	0.6149842653110622	0.6946259985475659
200	0.35366739288307975	0.31154684095860546	0.2830065359477121	0.417280487385946	0.4542786637324482	0.6112333423680406	0.48414427499394946	0.6149842653110622	0.6946259985475659
201	0.35366739288307975	0.31154684095860546	0.2830065359477121	0.417280487385946	0.4542201225346197	0.6111748011702121	0.48390220285645247	0.6149842653110622	0.6946259985475659
202	0.35366739288307975	0.31154684095860546	0.2830065359477121	0.4174143491461954	0.45435398429486906	0.611293465786757	0.48390220285645247	0.6149842653110622	0.6946259985475659
203	0.35366739288307975	0.31154684095860546	0.2830065359477121	0.41779168425525176	0.45462669440497605	0.6115661758968641	0.48414427499394946	0.6149842653110622	0.6946259985475659
204	0.35366739288307975	0.31154684095860546	0.2830065359477121	0.41779168425525176	0.45462669440497605	0.6115661758968641	0.484265311062698	0.6149842653110622	0.6946259985475659
205	0.35366739288307975	0.31154684095860546	0.2830065359477121	0.4176578224950024	0.4545761885984474	0.6115061536853984	0.484265311062698	0.6152263374485591	0.6946259985475659
206	0.35294117647058876	0.31154684095860546	0.2830065359477121	0.41714662562569654	0.4545053127454826	0.6113963487332015	0.48462841926894346	0.6159525538610501	0.6946259985475659
207	0.35294117647058876	0.31154684095860546	0.2830065359477121	0.41714662562569654	0.4544680405928828	0.6113590765806016	0.48462841926894346	0.6159525538610501	0.6946259985475659
208	0.35294117647058876	0.31154684095860546	0.2827886710239648	0.4173672412720702	0.4546886562392565	0.6112571629121978	0.48462841926894346	0.6163156620672956	0.6946259985475659
209	0.35294117647058876	0.311111111111111	0.2830065359477121	0.4167692905166401	0.45382150657822024	0.6110183002418762	0.48426531106269805	0.6161946259985471	0.6946259985475659
210	0.35294117647058876	0.3106753812636165	0.2830065359477121	0.4167692905166401	0.45330473596216514	0.6109579085814595	0.48426531106269805	0.6163156620672956	0.6946259985475659
211	0.35294117647058876	0.3106753812636165	0.2830065359477121	0.41610670539980277	0.4526421508453278	0.6103100815966986	0.48426531106269805	0.6164366981360441	0.6946259985475659
212	0.35294117647058876	0.3106753812636165	0.2830065359477121	0.41624056716005214	0.4527760126055772	0.6104562202406386	0.484507383200195	0.6159525538610501	0.6946259985475659
213	0.35294117647058876	0.3106753812636165	0.2830065359477121	0.41624056716005214	0.4527174714077487	0.6103879126718588	0.484507383200195	0.6158315177923016	0.6946259985475659
214	0.35294117647058876	0.3106753812636165	0.2830065359477121	0.41624056716005214	0.4527174714077487	0.6103879126718588	0.484507383200195	0.6158315177923016	0.6946259985475659
215	0.35294117647058876	0.3106753812636165	0.2830065359477121	0.41624056716005214	0.4527174714077487	0.6103728327516883	0.484507383200195	0.6160735899297987	0.6946259985475659
216	0.35294117647058876	0.3102396514161219	0.2830065359477121	0.41624056716005214	0.4523884526316533	0.6103467686150499	0.4849915274751889	0.6158315177923016	0.6946259985475659
217	0.35294117647058876	0.3102396514161219	0.2827886710239648	0.4165950445666753	0.4527429300382764	0.6103787167068954	0.4849915274751889	0.6161946259985471	0.6946259985475659
218	0.35221496005809777	0.3102396514161219	0.2830065359477121	0.4146841188497014	0.4512334361304832	0.6092049553151667	0.4849915274751889	0.6159525538610501	0.6946259985475659
219	0.35221496005809777	0.3102396514161219	0.2830065359477121	0.4146841188497014	0.4512334361304832	0.6092049553151667	0.4849915274751889	0.6159525538610501	0.6946259985475659
220	0.35221496005809777	0.3102396514161219	0.2830065359477121	0.4141729219803955	0.4507447451091291	0.6087162642938124	0.4847494553376919	0.6159525538610501	0.6946259985475659
221	0.35148874364560684	0.3102396514161219	0.2830065359477121	0.4131001359133086	0.4502725923978778	0.6082496329593697	0.4848704914064404	0.6160735899297987	0.6946259985475659
222	0.35076252723311596	0.3102396514161219	0.2827886710239648	0.4119849188957053	0.44973268719415815	0.6073871984408724	0.48499152747518887	0.6164366981360441	0.6946259985475659
223	0.35003631082062503	0.3102396514161219	0.2830065359477121	0.4113451914813012	0.44991417053894106	0.6078719285147298	0.48511256354393734	0.6160735899297985	0.6946259985475659
224	0.35003631082062503	0.3102396514161219	0.28257080610021745	0.4113451914813012	0.44991417053894106	0.6070405087230685	0.48487049140644034	0.6159525538610501	0.6943839264100689
225	0.35003631082062503	0.3102396514161219	0.28257080610021745	0.4113451914813012	0.44991417053894106	0.6070405087230685	0.48487049140644034	0.6159525538610501	0.6943839264100689
226	0.3493100944081341	0.3102396514161219	0.2823529411764702	0.4111884720186185	0.45020968827513946	0.6070134971444893	0.48511256354393734	0.6161946259985471	0.6943839264100689
227	0.3493100944081341	0.3102396514161219	0.28257080610021745	0.4108339946119954	0.4498179387159166	0.6069442769000439	0.4862018881626737	0.6159525538610501	0.6943839264100689
228	0.3493100944081341	0.3102396514161219	0.28257080610021745	0.410700132851746	0.44975357512165215	0.6068799133057796	0.4862018881626737	0.6160735899297987	0.6943839264100689
229	0.3471314451706613	0.3102396514161219	0.28257080610021745	0.41005507422219073	0.4505538857920373	0.6076365897330012	0.48680706850641603	0.6157104817235531	0.6942628903413204
230	0.3471314451706613	0.3102396514161219	0.2823529411764702	0.4104095516288138	0.45090836319866046	0.6076685378248466	0.48680706850641603	0.6164366981360441	0.6942628903413204
231	0.3471314451706613	0.3102396514161219	0.28257080610021745	0.41005507422219073	0.45050505583090755	0.6075877597718714	0.48680706850641603	0.6154684095860562	0.6942628903413204
232	0.3493100944081341	0.30980392156862735	0.28257080610021745	0.41192331923073167	0.44997905383803893	0.607534874265401	0.4874122488501585	0.6155894456548048	0.6942628903413204
233	0.3493100944081341	0.3102396514161219	0.28257080610021745	0.41192331923073167	0.45049582445409403	0.6075758116857738	0.4874122488501585	0.6154684095860562	0.6942628903413204
234	0.3485838779956431	0.30980392156862735	0.28257080610021745	0.41159169952654173	0.44995056470408656	0.6073224970955753	0.48753328491890696	0.6161946259985471	0.6942628903413204
235	0.3485838779956431	0.3102396514161219	0.2827886710239648	0.410928460118162	0.4496455690309879	0.6069524606546293	0.4880174291939009	0.6155894456548048	0.6942628903413204
236	0.3485838779956431	0.30980392156862735	0.28322440087145934	0.40974705039815007	0.447915006837992	0.606518975058111	0.4872912127814101	0.6160735899297987	0.6945049624788174
237	0.3493100944081341	0.30980392156862735	0.28322440087145934	0.4102582472674559	0.4479193855791713	0.6065347490534967	0.4871701767126616	0.6160735899297987	0.6945049624788174
238	0.35003631082062503	0.30980392156862735	0.2827886710239648	0.4107694441367617	0.4480231503780562	0.6058070940607202	0.48729121278141013	0.6157104817235531	0.6942628903413204
239	0.350036310820625	0.30718954248366015	0.2827886710239648	0.41003525121619094	0.44390743817795136	0.603979116502394	0.4880174291939011	0.6152263374485593	0.6942628903413204
240	0.350036310820625	0.30718954248366015	0.28257080610021745	0.41025586686256466	0.44417285895278524	0.6039220079624502	0.4880174291939011	0.6159525538610502	0.6942628903413204
241	0.350036310820625	0.30718954248366015	0.2827886710239648	0.40990138945594157	0.443773576417702	0.6038452547421446	0.4880174291939011	0.6157104817235531	0.6942628903413204
242	0.350036310820625	0.30718954248366015	0.2827886710239648	0.40990138945594157	0.4438167453517226	0.6038633484230399	0.4882595013313981	0.6155894456548048	0.6942628903413204
243	0.34931009440813404	0.30762527233115466	0.2823529411764702	0.4098603509746837	0.4445018777288806	0.6033314576890971	0.4881384652626496	0.6155894456548048	0.6938997821350749
244	0.350036310820625	0.30718954248366015	0.28257080610021745	0.4103715478439896	0.44420971675438153	0.6039607817572187	0.48838053740014653	0.6155894456548048	0.6942628903413204
245	0.35076252723311596	0.30718954248366015	0.28257080610021745	0.41088274471329544	0.44428059260734637	0.6040316576101834	0.48825950133139806	0.6155894456548048	0.6942628903413204
246	0.35076252723311596	0.30718954248366015	0.28257080610021745	0.41037154784398966	0.44376974143585546	0.6035402606787362	0.48825950133139806	0.6159525538610502	0.6942628903413204
247	0.350036310820625	0.30718954248366015	0.2830065359477121	0.40919776585784645	0.4431409054650028	0.6037945335292029	0.48825950133139806	0.6157104817235531	0.6945049624788174
248	0.34931009440813404	0.306318082788671	0.2830065359477121	0.4081525144168016	0.44195721825095685	0.6032406765850155	0.489227789881386	0.6158315177923016	0.6945049624788174
249	0.34931009440813404	0.306318082788671	0.28257080610021745	0.4081525144168016	0.44195721825095685	0.602421489907575	0.48934882595013446	0.6158315177923016	0.6942628903413204
250	0.34931009440813393	0.3058823529411765	0.28257080610021745	0.4084636568234495	0.44191349654030765	0.6030207449126052	0.49043815056887075	0.6153473735173077	0.6942628903413204
251	0.34931009440813393	0.30631808278867106	0.28257080610021745	0.4084636568234495	0.44243026715636274	0.6030616823329781	0.49043815056887075	0.6152263374485593	0.6942628903413204
252	0.34931009440813393	0.305446623093682	0.28257080610021745	0.4072404704444637	0.44030925292797835	0.601707222825512	0.49043815056887075	0.6153473735173077	0.6942628903413204
253	0.34931009440813393	0.3050108932461874	0.2823529411764702	0.4072404704444637	0.4400234030859036	0.6010356909904712	0.49043815056887075	0.6153473735173077	0.6938997821350749
254	0.34931009440813393	0.3050108932461874	0.2823529411764702	0.4072404704444637	0.4400234030859036	0.6010356909904712	0.49068022270636774	0.6153473735173077	0.6938997821350749
255	0.34931009440813393	0.3045751633986929	0.2823529411764702	0.4073743322047131	0.4397293671013432	0.6011314308480707	0.49080125877511627	0.6153473735173077	0.6938997821350749
256	0.34931009440813393	0.3045751633986929	0.2823529411764702	0.4073743322047131	0.43969209494874334	0.6010747044554273	0.49080125877511627	0.6153473735173077	0.6938997821350749
257	0.3500363108206249	0.3045751633986929	0.28257080610021745	0.40803691732155045	0.43991597610380007	0.6020082971904053	0.4910433309126132	0.6154684095860563	0.6942628903413204
258	0.3500363108206249	0.3045751633986929	0.2819172113289757	0.4077516673137695	0.4396094570507904	0.600971151495777	0.4910433309126132	0.6154684095860563	0.6937787460663264
259	0.34931009440813393	0.3045751633986929	0.28257080610021745	0.4067064158727246	0.4392029578458634	0.6019613447170473	0.4910433309126132	0.6152263374485593	0.694383926410069
260	0.34931009440813393	0.3045751633986929	0.2823529411764702	0.40743822838840416	0.43987132993930866	0.602307187495715	0.49080125877511627	0.6154684095860563	0.694383926410069
261	0.34931009440813393	0.3041394335511984	0.2823529411764702	0.4067064158727246	0.43886598315581093	0.6012933184164959	0.49080125877511627	0.6151053013798108	0.6940208182038234
262	0.3456790123456792	0.30021786492374747	0.2819172113289757	0.402003466922763	0.4342429192495382	0.5987565556762547	0.4916485112563558	0.614137012829823	0.6937787460663264
263	0.3456790123456792	0.2997821350762529	0.2819172113289757	0.402003466922763	0.43391390047344275	0.5987304915396163	0.4916485112563558	0.6138949406923261	0.6937787460663264
264	0.3456790123456792	0.2997821350762529	0.2819172113289757	0.402003466922763	0.43391390047344275	0.5987304915396163	0.4916485112563558	0.6138949406923261	0.6937787460663264
265	0.3456790123456792	0.2993464052287584	0.2819172113289757	0.402003466922763	0.4333971298573876	0.5986895541192435	0.49201161946260125	0.614137012829823	0.6937787460663264
266	0.3456790123456792	0.2993464052287584	0.2819172113289757	0.402003466922763	0.4333971298573876	0.5986895541192435	0.49213265553134977	0.614137012829823	0.6937787460663264
267	0.34495279593318834	0.2997821350762529	0.2819172113289757	0.40133555059077447	0.4338000269101092	0.5986166179762828	0.4918905833938527	0.6140159767610746	0.6937787460663264
268	0.34495279593318834	0.30021786492374747	0.2819172113289757	0.40060767682098747	0.43342367776436924	0.5979490942304688	0.4918905833938527	0.6141370128298231	0.6937787460663264
269	0.34495279593318834	0.30021786492374747	0.28213507625272294	0.40091643882274414	0.43370993391817425	0.5989343410083979	0.49201161946260125	0.6141370128298231	0.6940208182038234
270	0.34495279593318834	0.30021786492374747	0.28213507625272294	0.40091643882274414	0.43370993391817425	0.5989343410083979	0.49201161946260125	0.6141370128298231	0.6940208182038234
271	0.34495279593318834	0.30021786492374747	0.2819172113289757	0.4012709162293672	0.4340644113247974	0.5989662891002434	0.49225369160009824	0.61437908496732	0.6940208182038234
272	0.34495279593318834	0.30021786492374747	0.28169934640522837	0.4007415385812369	0.4336015307884525	0.5979332887287242	0.4921326555313498	0.6138949406923261	0.6937787460663264
273	0.34495279593318834	0.30021786492374747	0.28169934640522837	0.4007415385812369	0.4336970073698007	0.5979947196512952	0.49225369160009835	0.6137739046235775	0.6936577099975779
274	0.34495279593318834	0.30021786492374747	0.28169934640522837	0.40036420347218044	0.4334242972596937	0.5977736985708464	0.49225369160009835	0.6137739046235775	0.6936577099975779
275	0.34495279593318834	0.30021786492374747	0.28169934640522837	0.40036420347218044	0.4334242972596937	0.5977736985708464	0.49225369160009835	0.6137739046235775	0.6936577099975779
276	0.3456790123456792	0.30021786492374747	0.28169934640522837	0.40116598156441835	0.43367306281855655	0.5980224641297092	0.49261679980634376	0.6137739046235775	0.6936577099975779
277	0.3456790123456792	0.30021786492374747	0.28169934640522837	0.40116598156441835	0.43367306281855655	0.5980224641297092	0.49261679980634376	0.6135318324860806	0.6936577099975779
278	0.3456790123456792	0.30021786492374747	0.28169934640522837	0.40116598156441835	0.43367306281855655	0.5980224641297092	0.49261679980634376	0.6135318324860806	0.6936577099975779
279	0.3456790123456792	0.30021786492374747	0.28169934640522837	0.40116598156441835	0.43367306281855655	0.5980224641297092	0.49261679980634376	0.613410796417332	0.6936577099975779
280	0.3456790123456792	0.30021786492374747	0.28148148148148117	0.40152045897104144	0.4340275402251797	0.5980544122215548	0.49225369160009835	0.613410796417332	0.6935366739288296
281	0.3456790123456792	0.29978213507625295	0.2812636165577338	0.401744109313849	0.43394781776746894	0.5984550168227335	0.4922536916000983	0.6129266521423381	0.6934156378600811
282	0.3456790123456793	0.30021786492374747	0.2814814814814811	0.40143067038848357	0.4339458600306443	0.5979030836209225	0.49201161946260136	0.613410796417332	0.6936577099975779
283	0.3456790123456793	0.30021786492374747	0.2814814814814811	0.40143067038848357	0.4339458600306443	0.5979030836209225	0.49201161946260136	0.613410796417332	0.6936577099975779
284	0.3456790123456793	0.30021786492374747	0.2812636165577338	0.4014078126860503	0.43398644275044523	0.5976211370259459	0.4921326555313498	0.613652868554829	0.6936577099975779
285	0.34713144517066113	0.29978213507625295	0.2814814814814811	0.40223244848072154	0.4334976796902769	0.597744418820577	0.49273783587509223	0.613168724279835	0.6936577099975779
286	0.34640522875817026	0.29978213507625295	0.2814814814814811	0.4015645321487331	0.433405075172172	0.5976518143024722	0.49249576373759524	0.613168724279835	0.6936577099975779
287	0.34640522875817026	0.29978213507625295	0.2814814814814811	0.4011871970396767	0.4330277400631156	0.5972744791934158	0.49261679980634376	0.613168724279835	0.6936577099975779
288	0.34640522875817026	0.2993464052287584	0.280610021786492	0.4016983939089825	0.4333624465414233	0.5969869434321781	0.4923747276688468	0.6129266521423381	0.693173565722584
289	0.34640522875817026	0.2997821350762529	0.2814814814814811	0.4011871970396767	0.4334302356202702	0.5972456539916993	0.4917695473251044	0.6135318324860806	0.6936577099975779
290	0.34713144517066113	0.2997821350762529	0.2814814814814811	0.40185511337166513	0.4334912818361378	0.5972596721034259	0.4929799080125893	0.613652868554829	0.6936577099975779
291	0.34713144517066113	0.2993464052287584	0.2816993464052283	0.40185511337166513	0.43269327039110217	0.5979639275874565	0.49310094408133776	0.6134107964173321	0.693899782135075
292	0.34713144517066113	0.2993464052287584	0.2816993464052283	0.40185511337166513	0.43264846526264206	0.5979299322389339	0.4932219801500863	0.6134107964173321	0.693899782135075
293	0.34713144517066113	0.2993464052287584	0.2812636165577338	0.4022095907782883	0.4330029426692652	0.5972356639182884	0.49297990801258934	0.613652868554829	0.6936577099975779
294	0.34640522875817026	0.2993464052287584	0.2814814814814811	0.40130287802110154	0.433105833234097	0.5973179060674202	0.4923747276688468	0.613652868554829	0.6936577099975779
295	0.3435003631082065	0.2962962962962965	0.28061002178649197	0.40039443915056594	0.429853430498786	0.5968555322309015	0.49310094408133787	0.6120793996610988	0.6930525296538356
296	0.3413217138707338	0.2962962962962965	0.28169934640522837	0.39806145085530165	0.42820284030448164	0.5961478624673535	0.49249576373759557	0.6115952553861048	0.6936577099975779
297	0.3413217138707338	0.2962962962962965	0.28169934640522837	0.39806145085530165	0.42820284030448164	0.5961478624673535	0.4921326555313501	0.6113531832486078	0.6935366739288296
298	0.3413217138707338	0.2962962962962965	0.2819172113289756	0.39806145085530165	0.42816556815188184	0.5968368067272447	0.49249576373759557	0.6115952553861048	0.693899782135075
299	0.3369644153957882	0.2962962962962965	0.2814814814814811	0.39082939789331045	0.4255835427467901	0.5930477876513126	0.4914064391188593	0.6115952553861048	0.6936577099975779
8617	0.6142580488985714	0.6940208182038234
